
Processing MassYieldFit_MC.C("OniaRooDataSet_OniaSkim_TrigS1_MC.root", "OniaRooDataSet_L1DoubleMuOpenOS40100Trig_isMC1_HFNom_201222.root", 0, 50, -2.4, 2.4, "4", "L1DoubleMuOpenOS40100", 180, 1, true)...
[#1] INFO:ObjectHandling -- RooWorkspace::import(workspace) importing dataset dataset
[#1] INFO:ObjectHandling -- RooWorkspace::import(workspace) importing RooRealVar::mass
[#1] INFO:ObjectHandling -- RooWorkspace::import(workspace) importing RooRealVar::pt
[#1] INFO:ObjectHandling -- RooWorkspace::import(workspace) importing RooRealVar::y
[#1] INFO:ObjectHandling -- RooWorkspace::import(workspace) importing RooRealVar::pt1
[#1] INFO:ObjectHandling -- RooWorkspace::import(workspace) importing RooRealVar::pt2
[#1] INFO:ObjectHandling -- RooWorkspace::import(workspace) importing RooRealVar::eta1
[#1] INFO:ObjectHandling -- RooWorkspace::import(workspace) importing RooRealVar::eta2
[#1] INFO:ObjectHandling -- RooWorkspace::import(workspace) importing RooRealVar::weight
[#1] INFO:ObjectHandling -- RooWorkspace::import(workspace) importing RooRealVar::cBin
[#1] INFO:ObjectHandling -- RooWorkspace::import(workspace) importing RooRealVar::recoQQsign
[#1] INFO:ObjectHandling -- RooWorkspace::import(workspace) importing RooRealVar::NumDimu
[#1] INFO:ObjectHandling -- RooWorkspace::import(workspace) importing dataset reducedDS
RooRealVar::mass = 9.51597  L(8.7 - 10.3) // [GeV/c^{2}]
[#1] INFO:ObjectHandling -- RooWorkspace::import(workspace) importing RooRealVar::x1S
[#1] INFO:ObjectHandling -- RooWorkspace::import(workspace) importing RooRealVar::x3S
///////////////////////////////////////////////////////// test code ////////////////////////////////////////////////////////////
[#1] INFO:ObjectHandling -- RooWorkspace::import(workspace) importing RooAddPdf::model
[#1] INFO:ObjectHandling -- RooWorkspace::import(workspace) importing RooAddPdf::twoCB1S
[#1] INFO:ObjectHandling -- RooWorkspace::import(workspace) importing RooCBShape::CB1S_1
[#1] INFO:ObjectHandling -- RooWorkspace::import(workspace) importing RooRealVar::mean1S
[#1] INFO:ObjectHandling -- RooWorkspace::import(workspace) importing RooRealVar::sigma1S_1
[#1] INFO:ObjectHandling -- RooWorkspace::import(workspace) importing RooRealVar::alpha
[#1] INFO:ObjectHandling -- RooWorkspace::import(workspace) importing RooRealVar::n
[#1] INFO:ObjectHandling -- RooWorkspace::import(workspace) importing RooRealVar::frac
[#1] INFO:ObjectHandling -- RooWorkspace::import(workspace) importing RooCBShape::CB1S_2
[#1] INFO:ObjectHandling -- RooWorkspace::import(workspace) importing RooFormulaVar::sigma1S_2
[#1] INFO:ObjectHandling -- RooWorkspace::import(workspace) importing RooRealVar::nSig1S
[#1] INFO:ObjectHandling -- RooWorkspace::import(workspace) importing RooChebychev::cPol1Bkg
[#1] INFO:ObjectHandling -- RooWorkspace::import(workspace) importing RooRealVar::ch4_k1
[#1] INFO:ObjectHandling -- RooWorkspace::import(workspace) importing RooRealVar::ch4_k2
[#1] INFO:ObjectHandling -- RooWorkspace::import(workspace) importing RooRealVar::nBkg
[#1] INFO:Eval -- RooRealVar::setRange(mass) new range named 'fit' created with bounds [8.7,10.3]
[#1] INFO:Fitting -- RooAbsOptTestStatistic::ctor(nll_model_reducedDS) constructing test statistic for sub-range named fit
[#1] INFO:Eval -- RooRealVar::setRange(mass) new range named 'NormalizationRangeForfit' created with bounds [8.7,10.3]
[#1] INFO:Eval -- RooRealVar::setRange(mass) new range named 'fit_nll_model_reducedDS' created with bounds [8.7,10.3]
[#1] INFO:Fitting -- RooAbsOptTestStatistic::ctor(nll_model_reducedDS) fixing interpretation of coefficients of any RooAddPdf to full domain of observables 
[#1] INFO:Minization -- createNLL: caching constraint set under name CONSTR_OF_PDF_model_FOR_OBS_mass with 0 entries
[#1] INFO:Minization -- RooMinimizer::optimizeConst: activating const optimization
[#1] INFO:Minization --  The following expressions will be evaluated in cache-and-track mode: (CB1S_1,CB1S_2,cPol1Bkg)
 **********
 **    1 **SET PRINT           1
 **********
 **********
 **    2 **SET NOGRAD
 **********
 PARAMETER DEFINITIONS:
    NO.   NAME         VALUE      STEP SIZE      LIMITS
     1 alpha        2.00000e+00  6.00000e-01    8.00000e-01  1.00000e+01
     2 ch4_k1       2.00000e-01  4.00000e-01   -2.00000e+00  2.00000e+00
     3 ch4_k2       2.00000e-01  4.00000e-01   -2.00000e+00  2.00000e+00
     4 frac         5.00000e-01  1.00000e-01    0.00000e+00  1.00000e+00
     5 mean1S       9.46000e+00  2.00000e-03    9.45000e+00  9.47000e+00
     6 n            2.00000e+00  6.00000e-01    8.00000e-01  1.00000e+01
     7 nBkg         4.99500e+04  1.00100e+04   -1.00000e+02  1.00000e+05
     8 nSig1S       7.00000e+04  3.50000e+04    0.00000e+00  1.00000e+06
     9 sigma1S_1    5.00000e-02  1.90000e-02    1.00000e-02  2.00000e-01
    10 x1S          3.50000e-01  1.00000e-01    0.00000e+00  1.00000e+00
 **********
 **    3 **SET ERR         0.5
 **********
 **********
 **    4 **SET PRINT           1
 **********
 **********
 **    5 **SET STR           1
 **********
 NOW USING STRATEGY  1: TRY TO BALANCE SPEED AGAINST RELIABILITY
 **********
 **    6 **MIGRAD        5000           1
 **********
 FIRST CALL TO USER FUNCTION AT NEW START POINT, WITH IFLAG=4.
 START MIGRAD MINIMIZATION.  STRATEGY  1.  CONVERGENCE WHEN EDM .LT. 1.00e-03
 FCN=-192828 FROM MIGRAD    STATUS=INITIATE       68 CALLS          69 TOTAL
                     EDM= unknown      STRATEGY= 1      NO ERROR MATRIX       
  EXT PARAMETER               CURRENT GUESS       STEP         FIRST   
  NO.   NAME      VALUE            ERROR          SIZE      DERIVATIVE 
   1  alpha        9.35638e-01   6.00000e-01  -4.95573e-01  -3.84173e+02
   2  ch4_k1       2.00000e-01   4.00000e-01   0.00000e+00   8.89784e+02
   3  ch4_k2       2.00000e-01   4.00000e-01   0.00000e+00   9.69204e+03
   4  frac         5.00000e-01   1.00000e-01   0.00000e+00  -3.51438e+03
   5  mean1S       9.46000e+00   2.00000e-03   0.00000e+00  -6.83948e+02
   6  n            2.00000e+00   6.00000e-01   0.00000e+00  -1.68448e+03
   7  nBkg         4.99500e+04   1.00100e+04   0.00000e+00   4.30663e+04
   8  nSig1S       7.00000e+04   3.50000e+04   0.00000e+00   1.85779e+05
   9  sigma1S_1    5.00000e-02   1.90000e-02   0.00000e+00  -9.86355e+03
  10  x1S          3.50000e-01   1.00000e-01   0.00000e+00  -3.11058e+03
                               ERR DEF= 0.5
[#0] WARNING:Minization -- RooMinimizerFcn: Minimized function has error status.
Returning maximum FCN so far (-185458) to force MIGRAD to back out of this region. Error log follows
Parameter values: alpha=0.986879, ch4_k1=-0.735952, ch4_k2=-0.701436, frac=0.926522, mean1S=9.46969, n=2.62254, nBkg=99714.8, nSig1S=8207.66, sigma1S_1=0.0780268, x1S=0.67179
RooChebychev::cPol1Bkg[ x=mass coefList=(ch4_k1,ch4_k2) ]
     p.d.f value is less than zero (-0.158526), forcing value to zero @ x=mass=10.2349, coefList=(ch4_k1 = -0.735952,ch4_k2 = -0.701436)
     p.d.f value is less than zero (-0.162494), forcing value to zero @ x=mass=10.2359, coefList=(ch4_k1 = -0.735952,ch4_k2 = -0.701436)
     p.d.f value is less than zero (-0.033135), forcing value to zero @ x=mass=10.2041, coefList=(ch4_k1 = -0.735952,ch4_k2 = -0.701436)

[#0] WARNING:Minization -- RooMinimizerFcn: Minimized function has error status.
Returning maximum FCN so far (-185458) to force MIGRAD to back out of this region. Error log follows
Parameter values: alpha=1.14328, ch4_k1=-0.776269, ch4_k2=-0.648166, frac=0.884114, mean1S=9.47, n=2.87893, nBkg=547.96, nSig1S=8759.96, sigma1S_1=0.0757297, x1S=0.619903
RooChebychev::cPol1Bkg[ x=mass coefList=(ch4_k1,ch4_k2) ]
     p.d.f value is less than zero (-0.158923), forcing value to zero @ x=mass=10.2349, coefList=(ch4_k1 = -0.776269,ch4_k2 = -0.648166)
     p.d.f value is less than zero (-0.162704), forcing value to zero @ x=mass=10.2359, coefList=(ch4_k1 = -0.776269,ch4_k2 = -0.648166)
     p.d.f value is less than zero (-0.039353), forcing value to zero @ x=mass=10.2041, coefList=(ch4_k1 = -0.776269,ch4_k2 = -0.648166)

[#0] WARNING:Minization -- RooMinimizerFcn: Minimized function has error status.
Returning maximum FCN so far (-185458) to force MIGRAD to back out of this region. Error log follows
Parameter values: alpha=1.78519, ch4_k1=-0.820085, ch4_k2=-0.510861, frac=0.834386, mean1S=9.46854, n=3.31156, nBkg=313.382, nSig1S=21034.2, sigma1S_1=0.0772917, x1S=0.555845
RooChebychev::cPol1Bkg[ x=mass coefList=(ch4_k1,ch4_k2) ]
     p.d.f value is less than zero (-0.104736), forcing value to zero @ x=mass=10.2349, coefList=(ch4_k1 = -0.820085,ch4_k2 = -0.510861)
     p.d.f value is less than zero (-0.107965), forcing value to zero @ x=mass=10.2359, coefList=(ch4_k1 = -0.820085,ch4_k2 = -0.510861)
     p.d.f value is less than zero (-0.002483), forcing value to zero @ x=mass=10.2041, coefList=(ch4_k1 = -0.820085,ch4_k2 = -0.510861)

[#0] WARNING:Minization -- RooMinimizerFcn: Minimized function has error status.
Returning maximum FCN so far (-185458) to force MIGRAD to back out of this region. Error log follows
Parameter values: alpha=1.62028, ch4_k1=-1.06945, ch4_k2=-0.491632, frac=0.924493, mean1S=9.46615, n=2.9153, nBkg=801.476, nSig1S=22182.9, sigma1S_1=0.0946688, x1S=0.613526
RooChebychev::cPol1Bkg[ x=mass coefList=(ch4_k1,ch4_k2) ]
     p.d.f value is less than zero (-0.077137), forcing value to zero @ x=mass=10.1651, coefList=(ch4_k1 = -1.06945,ch4_k2 = -0.491632)
     p.d.f value is less than zero (-0.320583), forcing value to zero @ x=mass=10.2349, coefList=(ch4_k1 = -1.06945,ch4_k2 = -0.491632)
     p.d.f value is less than zero (-0.157413), forcing value to zero @ x=mass=10.1886, coefList=(ch4_k1 = -1.06945,ch4_k2 = -0.491632)
     p.d.f value is less than zero (-0.324026), forcing value to zero @ x=mass=10.2359, coefList=(ch4_k1 = -1.06945,ch4_k2 = -0.491632)
     p.d.f value is less than zero (-0.211399), forcing value to zero @ x=mass=10.2041, coefList=(ch4_k1 = -1.06945,ch4_k2 = -0.491632)

[#0] WARNING:Minization -- RooMinimizerFcn: Minimized function has error status.
Returning maximum FCN so far (-185458) to force MIGRAD to back out of this region. Error log follows
Parameter values: alpha=2.68688, ch4_k1=-1.19434, ch4_k2=-0.455904, frac=0.88945, mean1S=9.46327, n=3.08005, nBkg=571.543, nSig1S=23522, sigma1S_1=0.0930481, x1S=0.56537
RooChebychev::cPol1Bkg[ x=mass coefList=(ch4_k1,ch4_k2) ]
     p.d.f value is less than zero (-0.167307), forcing value to zero @ x=mass=10.1651, coefList=(ch4_k1 = -1.19434,ch4_k2 = -0.455904)
     p.d.f value is less than zero (-0.410739), forcing value to zero @ x=mass=10.2349, coefList=(ch4_k1 = -1.19434,ch4_k2 = -0.455904)
     p.d.f value is less than zero (-0.247699), forcing value to zero @ x=mass=10.1886, coefList=(ch4_k1 = -1.19434,ch4_k2 = -0.455904)
     p.d.f value is less than zero (-0.414175), forcing value to zero @ x=mass=10.2359, coefList=(ch4_k1 = -1.19434,ch4_k2 = -0.455904)
     p.d.f value is less than zero (-0.301695), forcing value to zero @ x=mass=10.2041, coefList=(ch4_k1 = -1.19434,ch4_k2 = -0.455904)

[#0] WARNING:Minization -- RooMinimizerFcn: Minimized function has error status.
Returning maximum FCN so far (-185458) to force MIGRAD to back out of this region. Error log follows
Parameter values: alpha=2.25691, ch4_k1=-1.43674, ch4_k2=-0.428634, frac=0.930156, mean1S=9.4574, n=2.57653, nBkg=624.776, nSig1S=23186.4, sigma1S_1=0.103912, x1S=0.578853
RooChebychev::cPol1Bkg[ x=mass coefList=(ch4_k1,ch4_k2) ]
     p.d.f value is less than zero (-0.001499), forcing value to zero @ x=mass=10.0613, coefList=(ch4_k1 = -1.43674,ch4_k2 = -0.428634)
     p.d.f value is less than zero (-0.358413), forcing value to zero @ x=mass=10.1651, coefList=(ch4_k1 = -1.43674,ch4_k2 = -0.428634)
     p.d.f value is less than zero (-0.614667), forcing value to zero @ x=mass=10.2349, coefList=(ch4_k1 = -1.43674,ch4_k2 = -0.428634)
     p.d.f value is less than zero (-0.175517), forcing value to zero @ x=mass=10.113, coefList=(ch4_k1 = -1.43674,ch4_k2 = -0.428634)
     p.d.f value is less than zero (-0.443214), forcing value to zero @ x=mass=10.1886, coefList=(ch4_k1 = -1.43674,ch4_k2 = -0.428634)
     p.d.f value is less than zero (-0.618273), forcing value to zero @ x=mass=10.2359, coefList=(ch4_k1 = -1.43674,ch4_k2 = -0.428634)
     p.d.f value is less than zero (-0.500072), forcing value to zero @ x=mass=10.2041, coefList=(ch4_k1 = -1.43674,ch4_k2 = -0.428634)
     p.d.f value is less than zero (-0.117686), forcing value to zero @ x=mass=10.096, coefList=(ch4_k1 = -1.43674,ch4_k2 = -0.428634)

[#0] WARNING:Minization -- RooMinimizerFcn: Minimized function has error status.
Returning maximum FCN so far (-185458) to force MIGRAD to back out of this region. Error log follows
Parameter values: alpha=2.72177, ch4_k1=-1.43932, ch4_k2=-0.391284, frac=0.908729, mean1S=9.45543, n=2.48185, nBkg=769.234, nSig1S=24014.5, sigma1S_1=0.101517, x1S=0.54013
RooChebychev::cPol1Bkg[ x=mass coefList=(ch4_k1,ch4_k2) ]
     p.d.f value is less than zero (-0.003878), forcing value to zero @ x=mass=10.0613, coefList=(ch4_k1 = -1.43932,ch4_k2 = -0.391284)
     p.d.f value is less than zero (-0.346268), forcing value to zero @ x=mass=10.1651, coefList=(ch4_k1 = -1.43932,ch4_k2 = -0.391284)
     p.d.f value is less than zero (-0.591340), forcing value to zero @ x=mass=10.2349, coefList=(ch4_k1 = -1.43932,ch4_k2 = -0.391284)
     p.d.f value is less than zero (-0.170982), forcing value to zero @ x=mass=10.113, coefList=(ch4_k1 = -1.43932,ch4_k2 = -0.391284)
     p.d.f value is less than zero (-0.427432), forcing value to zero @ x=mass=10.1886, coefList=(ch4_k1 = -1.43932,ch4_k2 = -0.391284)
     p.d.f value is less than zero (-0.594785), forcing value to zero @ x=mass=10.2359, coefList=(ch4_k1 = -1.43932,ch4_k2 = -0.391284)
     p.d.f value is less than zero (-0.481816), forcing value to zero @ x=mass=10.2041, coefList=(ch4_k1 = -1.43932,ch4_k2 = -0.391284)
     p.d.f value is less than zero (-0.115486), forcing value to zero @ x=mass=10.096, coefList=(ch4_k1 = -1.43932,ch4_k2 = -0.391284)

[#0] WARNING:Minization -- RooMinimizerFcn: Minimized function has error status.
Returning maximum FCN so far (-185458) to force MIGRAD to back out of this region. Error log follows
Parameter values: alpha=2.55982, ch4_k1=-1.49606, ch4_k2=-0.36996, frac=0.916556, mean1S=9.45306, n=2.24297, nBkg=846.874, nSig1S=23924.4, sigma1S_1=0.104844, x1S=0.522113
RooChebychev::cPol1Bkg[ x=mass coefList=(ch4_k1,ch4_k2) ]
     p.d.f value is less than zero (-0.044021), forcing value to zero @ x=mass=10.0613, coefList=(ch4_k1 = -1.49606,ch4_k2 = -0.36996)
     p.d.f value is less than zero (-0.385291), forcing value to zero @ x=mass=10.1651, coefList=(ch4_k1 = -1.49606,ch4_k2 = -0.36996)
     p.d.f value is less than zero (-0.628803), forcing value to zero @ x=mass=10.2349, coefList=(ch4_k1 = -1.49606,ch4_k2 = -0.36996)
     p.d.f value is less than zero (-0.210748), forcing value to zero @ x=mass=10.113, coefList=(ch4_k1 = -1.49606,ch4_k2 = -0.36996)
     p.d.f value is less than zero (-0.001021), forcing value to zero @ x=mass=10.0477, coefList=(ch4_k1 = -1.49606,ch4_k2 = -0.36996)
     p.d.f value is less than zero (-0.466002), forcing value to zero @ x=mass=10.1886, coefList=(ch4_k1 = -1.49606,ch4_k2 = -0.36996)
     p.d.f value is less than zero (-0.632221), forcing value to zero @ x=mass=10.2359, coefList=(ch4_k1 = -1.49606,ch4_k2 = -0.36996)
     p.d.f value is less than zero (-0.520046), forcing value to zero @ x=mass=10.2041, coefList=(ch4_k1 = -1.49606,ch4_k2 = -0.36996)
     p.d.f value is less than zero (-0.155415), forcing value to zero @ x=mass=10.096, coefList=(ch4_k1 = -1.49606,ch4_k2 = -0.36996)

[#0] WARNING:Minization -- RooMinimizerFcn: Minimized function has error status.
Returning maximum FCN so far (-185458) to force MIGRAD to back out of this region. Error log follows
Parameter values: alpha=2.7572, ch4_k1=-1.4672, ch4_k2=-0.349449, frac=0.911113, mean1S=9.45243, n=2.11863, nBkg=899.811, nSig1S=24200.4, sigma1S_1=0.104885, x1S=0.496843
RooChebychev::cPol1Bkg[ x=mass coefList=(ch4_k1,ch4_k2) ]
     p.d.f value is less than zero (-0.024088), forcing value to zero @ x=mass=10.0613, coefList=(ch4_k1 = -1.4672,ch4_k2 = -0.349449)
     p.d.f value is less than zero (-0.353455), forcing value to zero @ x=mass=10.1651, coefList=(ch4_k1 = -1.4672,ch4_k2 = -0.349449)
     p.d.f value is less than zero (-0.588184), forcing value to zero @ x=mass=10.2349, coefList=(ch4_k1 = -1.4672,ch4_k2 = -0.349449)
     p.d.f value is less than zero (-0.185063), forcing value to zero @ x=mass=10.113, coefList=(ch4_k1 = -1.4672,ch4_k2 = -0.349449)
     p.d.f value is less than zero (-0.431279), forcing value to zero @ x=mass=10.1886, coefList=(ch4_k1 = -1.4672,ch4_k2 = -0.349449)
     p.d.f value is less than zero (-0.591478), forcing value to zero @ x=mass=10.2359, coefList=(ch4_k1 = -1.4672,ch4_k2 = -0.349449)
     p.d.f value is less than zero (-0.483377), forcing value to zero @ x=mass=10.2041, coefList=(ch4_k1 = -1.4672,ch4_k2 = -0.349449)
     p.d.f value is less than zero (-0.131653), forcing value to zero @ x=mass=10.096, coefList=(ch4_k1 = -1.4672,ch4_k2 = -0.349449)

[#0] WARNING:Minization -- RooMinimizerFcn: Minimized function has error status.
Returning maximum FCN so far (-185458) to force MIGRAD to back out of this region. Error log follows
Parameter values: alpha=2.67764, ch4_k1=-1.42394, ch4_k2=-0.330559, frac=0.910263, mean1S=9.45213, n=1.9761, nBkg=971.821, nSig1S=24269.5, sigma1S_1=0.105489, x1S=0.474498
RooChebychev::cPol1Bkg[ x=mass coefList=(ch4_k1,ch4_k2) ]
     p.d.f value is less than zero (-0.310263), forcing value to zero @ x=mass=10.1651, coefList=(ch4_k1 = -1.42394,ch4_k2 = -0.330559)
     p.d.f value is less than zero (-0.535449), forcing value to zero @ x=mass=10.2349, coefList=(ch4_k1 = -1.42394,ch4_k2 = -0.330559)
     p.d.f value is less than zero (-0.148624), forcing value to zero @ x=mass=10.113, coefList=(ch4_k1 = -1.42394,ch4_k2 = -0.330559)
     p.d.f value is less than zero (-0.384939), forcing value to zero @ x=mass=10.1886, coefList=(ch4_k1 = -1.42394,ch4_k2 = -0.330559)
     p.d.f value is less than zero (-0.538608), forcing value to zero @ x=mass=10.2359, coefList=(ch4_k1 = -1.42394,ch4_k2 = -0.330559)
     p.d.f value is less than zero (-0.434920), forcing value to zero @ x=mass=10.2041, coefList=(ch4_k1 = -1.42394,ch4_k2 = -0.330559)
     p.d.f value is less than zero (-0.097339), forcing value to zero @ x=mass=10.096, coefList=(ch4_k1 = -1.42394,ch4_k2 = -0.330559)

[#0] WARNING:Minization -- RooMinimizerFcn: Minimized function has error status.
Returning maximum FCN so far (-185458) to force MIGRAD to back out of this region. Error log follows
Parameter values: alpha=2.71625, ch4_k1=-1.31128, ch4_k2=-0.308455, frac=0.906803, mean1S=9.45236, n=1.87472, nBkg=994.05, nSig1S=24432.8, sigma1S_1=0.105419, x1S=0.452903
RooChebychev::cPol1Bkg[ x=mass coefList=(ch4_k1,ch4_k2) ]
     p.d.f value is less than zero (-0.208149), forcing value to zero @ x=mass=10.1651, coefList=(ch4_k1 = -1.31128,ch4_k2 = -0.308455)
     p.d.f value is less than zero (-0.416756), forcing value to zero @ x=mass=10.2349, coefList=(ch4_k1 = -1.31128,ch4_k2 = -0.308455)
     p.d.f value is less than zero (-0.058455), forcing value to zero @ x=mass=10.113, coefList=(ch4_k1 = -1.31128,ch4_k2 = -0.308455)
     p.d.f value is less than zero (-0.277320), forcing value to zero @ x=mass=10.1886, coefList=(ch4_k1 = -1.31128,ch4_k2 = -0.308455)
     p.d.f value is less than zero (-0.419682), forcing value to zero @ x=mass=10.2359, coefList=(ch4_k1 = -1.31128,ch4_k2 = -0.308455)
     p.d.f value is less than zero (-0.323620), forcing value to zero @ x=mass=10.2041, coefList=(ch4_k1 = -1.31128,ch4_k2 = -0.308455)
     p.d.f value is less than zero (-0.010968), forcing value to zero @ x=mass=10.096, coefList=(ch4_k1 = -1.31128,ch4_k2 = -0.308455)

[#0] WARNING:Minization -- RooMinimizerFcn: Minimized function has error status.
Returning maximum FCN so far (-185458) to force MIGRAD to back out of this region. Error log follows
Parameter values: alpha=2.68908, ch4_k1=-1.15032, ch4_k2=-0.280998, frac=0.904633, mean1S=9.45255, n=1.77706, nBkg=981.351, nSig1S=24502.8, sigma1S_1=0.105722, x1S=0.434021
RooChebychev::cPol1Bkg[ x=mass coefList=(ch4_k1,ch4_k2) ]
     p.d.f value is less than zero (-0.063824), forcing value to zero @ x=mass=10.1651, coefList=(ch4_k1 = -1.15032,ch4_k2 = -0.280998)
     p.d.f value is less than zero (-0.250002), forcing value to zero @ x=mass=10.2349, coefList=(ch4_k1 = -1.15032,ch4_k2 = -0.280998)
     p.d.f value is less than zero (-0.125538), forcing value to zero @ x=mass=10.1886, coefList=(ch4_k1 = -1.15032,ch4_k2 = -0.280998)
     p.d.f value is less than zero (-0.252615), forcing value to zero @ x=mass=10.2359, coefList=(ch4_k1 = -1.15032,ch4_k2 = -0.280998)
     p.d.f value is less than zero (-0.166858), forcing value to zero @ x=mass=10.2041, coefList=(ch4_k1 = -1.15032,ch4_k2 = -0.280998)

[#0] WARNING:Minization -- RooMinimizerFcn: Minimized function has error status.
Returning maximum FCN so far (-185458) to force MIGRAD to back out of this region. Error log follows
Parameter values: alpha=2.58768, ch4_k1=-0.994638, ch4_k2=-0.253177, frac=0.899202, mean1S=9.45319, n=1.71362, nBkg=978.637, nSig1S=24715, sigma1S_1=0.104805, x1S=0.418853
RooChebychev::cPol1Bkg[ x=mass coefList=(ch4_k1,ch4_k2) ]
     p.d.f value is less than zero (-0.087851), forcing value to zero @ x=mass=10.2349, coefList=(ch4_k1 = -0.994638,ch4_k2 = -0.253177)
     p.d.f value is less than zero (-0.090156), forcing value to zero @ x=mass=10.2359, coefList=(ch4_k1 = -0.994638,ch4_k2 = -0.253177)
     p.d.f value is less than zero (-0.014548), forcing value to zero @ x=mass=10.2041, coefList=(ch4_k1 = -0.994638,ch4_k2 = -0.253177)

[#0] WARNING:Minization -- RooMinimizerFcn: Minimized function has error status.
Returning maximum FCN so far (-185458) to force MIGRAD to back out of this region. Error log follows
Parameter values: alpha=2.48991, ch4_k1=-0.973828, ch4_k2=-0.232956, frac=0.893909, mean1S=9.45401, n=1.67037, nBkg=963.958, nSig1S=24900.2, sigma1S_1=0.103968, x1S=0.405468
RooChebychev::cPol1Bkg[ x=mass coefList=(ch4_k1,ch4_k2) ]
     p.d.f value is less than zero (-0.054826), forcing value to zero @ x=mass=10.2349, coefList=(ch4_k1 = -0.973828,ch4_k2 = -0.232956)
     p.d.f value is less than zero (-0.057017), forcing value to zero @ x=mass=10.2359, coefList=(ch4_k1 = -0.973828,ch4_k2 = -0.232956)

[#0] WARNING:Minization -- RooMinimizerFcn: Minimized function has error status.
Returning maximum FCN so far (-185458) to force MIGRAD to back out of this region. Error log follows
Parameter values: alpha=2.48529, ch4_k1=-0.932254, ch4_k2=-0.21086, frac=0.891085, mean1S=9.45462, n=1.63173, nBkg=920.476, nSig1S=24919.9, sigma1S_1=0.104215, x1S=0.392241
RooChebychev::cPol1Bkg[ x=mass coefList=(ch4_k1,ch4_k2) ]
     p.d.f value is less than zero (-0.001436), forcing value to zero @ x=mass=10.2349, coefList=(ch4_k1 = -0.932254,ch4_k2 = -0.21086)
     p.d.f value is less than zero (-0.003480), forcing value to zero @ x=mass=10.2359, coefList=(ch4_k1 = -0.932254,ch4_k2 = -0.21086)

[#0] WARNING:Minization -- RooMinimizerFcn: Minimized function has error status.
Returning maximum FCN so far (-185458) to force MIGRAD to back out of this region. Error log follows
Parameter values: alpha=2.5114, ch4_k1=-0.998006, ch4_k2=-0.195832, frac=0.887778, mean1S=9.4548, n=1.58722, nBkg=874.347, nSig1S=24937.4, sigma1S_1=0.104863, x1S=0.379845
RooChebychev::cPol1Bkg[ x=mass coefList=(ch4_k1,ch4_k2) ]
     p.d.f value is less than zero (-0.051503), forcing value to zero @ x=mass=10.2349, coefList=(ch4_k1 = -0.998006,ch4_k2 = -0.195832)
     p.d.f value is less than zero (-0.053560), forcing value to zero @ x=mass=10.2359, coefList=(ch4_k1 = -0.998006,ch4_k2 = -0.195832)

[#0] WARNING:Minization -- RooMinimizerFcn: Minimized function has error status.
Returning maximum FCN so far (-185458) to force MIGRAD to back out of this region. Error log follows
Parameter values: alpha=2.24264, ch4_k1=-1.05476, ch4_k2=-0.201808, frac=0.852464, mean1S=9.4564, n=1.63393, nBkg=1164.29, nSig1S=24953.3, sigma1S_1=0.102048, x1S=0.382519
RooChebychev::cPol1Bkg[ x=mass coefList=(ch4_k1,ch4_k2) ]
     p.d.f value is less than zero (-0.107754), forcing value to zero @ x=mass=10.2349, coefList=(ch4_k1 = -1.05476,ch4_k2 = -0.201808)
     p.d.f value is less than zero (-0.005134), forcing value to zero @ x=mass=10.1886, coefList=(ch4_k1 = -1.05476,ch4_k2 = -0.201808)
     p.d.f value is less than zero (-0.109905), forcing value to zero @ x=mass=10.2359, coefList=(ch4_k1 = -1.05476,ch4_k2 = -0.201808)
     p.d.f value is less than zero (-0.039247), forcing value to zero @ x=mass=10.2041, coefList=(ch4_k1 = -1.05476,ch4_k2 = -0.201808)

[#0] WARNING:Minization -- RooMinimizerFcn: Minimized function has error status.
Returning maximum FCN so far (-185458) to force MIGRAD to back out of this region. Error log follows
Parameter values: alpha=2.08621, ch4_k1=-1.10965, ch4_k2=-0.212166, frac=0.824864, mean1S=9.45757, n=1.61154, nBkg=1001.82, nSig1S=25036.3, sigma1S_1=0.103394, x1S=0.379857
RooChebychev::cPol1Bkg[ x=mass coefList=(ch4_k1,ch4_k2) ]
     p.d.f value is less than zero (-0.003690), forcing value to zero @ x=mass=10.1651, coefList=(ch4_k1 = -1.10965,ch4_k2 = -0.212166)
     p.d.f value is less than zero (-0.165299), forcing value to zero @ x=mass=10.2349, coefList=(ch4_k1 = -1.10965,ch4_k2 = -0.212166)
     p.d.f value is less than zero (-0.057368), forcing value to zero @ x=mass=10.1886, coefList=(ch4_k1 = -1.10965,ch4_k2 = -0.212166)
     p.d.f value is less than zero (-0.167561), forcing value to zero @ x=mass=10.2359, coefList=(ch4_k1 = -1.10965,ch4_k2 = -0.212166)
     p.d.f value is less than zero (-0.093247), forcing value to zero @ x=mass=10.2041, coefList=(ch4_k1 = -1.10965,ch4_k2 = -0.212166)

[#0] WARNING:Minization -- RooMinimizerFcn: Minimized function has error status.
Returning maximum FCN so far (-185458) to force MIGRAD to back out of this region. Error log follows
Parameter values: alpha=1.94676, ch4_k1=-1.07939, ch4_k2=-0.21567, frac=0.800767, mean1S=9.45833, n=1.59638, nBkg=868.932, nSig1S=25091.2, sigma1S_1=0.104391, x1S=0.381579
RooChebychev::cPol1Bkg[ x=mass coefList=(ch4_k1,ch4_k2) ]
     p.d.f value is less than zero (-0.139908), forcing value to zero @ x=mass=10.2349, coefList=(ch4_k1 = -1.07939,ch4_k2 = -0.21567)
     p.d.f value is less than zero (-0.033007), forcing value to zero @ x=mass=10.1886, coefList=(ch4_k1 = -1.07939,ch4_k2 = -0.21567)
     p.d.f value is less than zero (-0.142149), forcing value to zero @ x=mass=10.2359, coefList=(ch4_k1 = -1.07939,ch4_k2 = -0.21567)
     p.d.f value is less than zero (-0.068535), forcing value to zero @ x=mass=10.2041, coefList=(ch4_k1 = -1.07939,ch4_k2 = -0.21567)

[#0] WARNING:Minization -- RooMinimizerFcn: Minimized function has error status.
Returning maximum FCN so far (-185458) to force MIGRAD to back out of this region. Error log follows
Parameter values: alpha=1.82346, ch4_k1=-1.03704, ch4_k2=-0.215162, frac=0.779544, mean1S=9.45889, n=1.57905, nBkg=728.923, nSig1S=25200.1, sigma1S_1=0.105249, x1S=0.384785
RooChebychev::cPol1Bkg[ x=mass coefList=(ch4_k1,ch4_k2) ]
     p.d.f value is less than zero (-0.100660), forcing value to zero @ x=mass=10.2349, coefList=(ch4_k1 = -1.03704,ch4_k2 = -0.215162)
     p.d.f value is less than zero (-0.102848), forcing value to zero @ x=mass=10.2359, coefList=(ch4_k1 = -1.03704,ch4_k2 = -0.215162)
     p.d.f value is less than zero (-0.030986), forcing value to zero @ x=mass=10.2041, coefList=(ch4_k1 = -1.03704,ch4_k2 = -0.215162)

[#0] WARNING:Minization -- RooMinimizerFcn: Minimized function has error status.
Returning maximum FCN so far (-185458) to force MIGRAD to back out of this region. Error log follows
Parameter values: alpha=1.71129, ch4_k1=-0.994403, ch4_k2=-0.212401, frac=0.76062, mean1S=9.45939, n=1.56205, nBkg=598.019, nSig1S=25323.8, sigma1S_1=0.105985, x1S=0.38941
RooChebychev::cPol1Bkg[ x=mass coefList=(ch4_k1,ch4_k2) ]
     p.d.f value is less than zero (-0.059589), forcing value to zero @ x=mass=10.2349, coefList=(ch4_k1 = -0.994403,ch4_k2 = -0.212401)
     p.d.f value is less than zero (-0.061714), forcing value to zero @ x=mass=10.2359, coefList=(ch4_k1 = -0.994403,ch4_k2 = -0.212401)

[#0] WARNING:Minization -- RooMinimizerFcn: Minimized function has error status.
Returning maximum FCN so far (-185458) to force MIGRAD to back out of this region. Error log follows
Parameter values: alpha=1.63621, ch4_k1=-0.958507, ch4_k2=-0.208412, frac=0.748677, mean1S=9.45978, n=1.54802, nBkg=490.238, nSig1S=25474.4, sigma1S_1=0.106487, x1S=0.395272
RooChebychev::cPol1Bkg[ x=mass coefList=(ch4_k1,ch4_k2) ]
     p.d.f value is less than zero (-0.023870), forcing value to zero @ x=mass=10.2349, coefList=(ch4_k1 = -0.958507,ch4_k2 = -0.208412)
     p.d.f value is less than zero (-0.025934), forcing value to zero @ x=mass=10.2359, coefList=(ch4_k1 = -0.958507,ch4_k2 = -0.208412)

 MIGRAD MINIMIZATION HAS CONVERGED.
 MIGRAD WILL VERIFY CONVERGENCE AND ERROR MATRIX.
 COVARIANCE MATRIX CALCULATED SUCCESSFULLY
 FCN=-257740 FROM MIGRAD    STATUS=CONVERGED    1314 CALLS        1315 TOTAL
                     EDM=0.000615064    STRATEGY= 1      ERROR MATRIX ACCURATE 
  EXT PARAMETER                                   STEP         FIRST   
  NO.   NAME      VALUE            ERROR          SIZE      DERIVATIVE 
   1  alpha        1.69750e+00   6.15603e-02   2.90053e-03   1.66618e-01
   2  ch4_k1      -9.10677e-01   4.80410e-02   6.70315e-03   1.06852e+00
   3  ch4_k2      -1.62533e-01   6.13098e-02   8.08036e-03   9.19659e-01
   4  frac         5.48445e-01   3.62885e-02   6.49031e-03  -4.70081e-02
   5  mean1S       9.45928e+00   6.68304e-04   2.15511e-02   8.95859e-03
   6  n            2.78355e+00   4.58464e-01   1.31842e-02   1.01082e-01
   7  nBkg         5.33232e+02   8.53329e+01   1.97069e-03   5.21340e-02
   8  nSig1S       2.54679e+04   1.79372e+02   3.57865e-04   5.66912e-01
   9  sigma1S_1    1.19330e-01   2.72439e-03   2.73529e-03  -9.87239e-02
  10  x1S          5.16155e-01   1.18557e-02   4.94504e-03   1.87198e-02
                               ERR DEF= 0.5
 EXTERNAL ERROR MATRIX.    NDIM=  25    NPAR= 10    ERR DEF=0.5
  3.790e-03  4.972e-04 -3.910e-04  2.662e-05 -1.284e-05 -2.347e-02  1.364e+00  1.358e+00  2.395e-05 -6.506e-05 
  4.972e-04  2.308e-03 -1.800e-03  1.245e-05  2.763e-07 -8.474e-03  1.428e+00  1.421e+00 -1.879e-06  5.407e-06 
 -3.910e-04 -1.800e-03  3.760e-03 -2.377e-04  2.530e-07  5.616e-03  1.135e-04  4.273e-03  2.639e-05 -2.628e-05 
  2.662e-05  1.245e-05 -2.377e-04  1.319e-03 -5.308e-07  1.277e-03 -7.962e-01 -7.935e-01 -8.769e-05 -1.910e-04 
 -1.284e-05  2.763e-07  2.530e-07 -5.308e-07  4.473e-07  4.212e-05  2.010e-03  2.004e-03 -1.428e-07  5.072e-07 
 -2.347e-02 -8.474e-03  5.616e-03  1.277e-03  4.212e-05  2.112e-01 -2.435e+01 -2.425e+01 -2.195e-04  2.585e-04 
  1.364e+00  1.428e+00  1.135e-04 -7.962e-01  2.010e-03 -2.435e+01  7.282e+03  6.727e+03  8.354e-02 -5.684e-02 
  1.358e+00  1.421e+00  4.273e-03 -7.935e-01  2.004e-03 -2.425e+01  6.727e+03  3.217e+04  8.327e-02 -5.673e-02 
  2.395e-05 -1.879e-06  2.639e-05 -8.769e-05 -1.428e-07 -2.195e-04  8.354e-02  8.327e-02  7.424e-06  3.011e-06 
 -6.506e-05  5.407e-06 -2.628e-05 -1.910e-04  5.072e-07  2.585e-04 -5.684e-02 -5.673e-02  3.011e-06  1.406e-04 
 PARAMETER  CORRELATION COEFFICIENTS  
       NO.  GLOBAL      1      2      3      4      5      6      7      8      9     10
        1  0.92995   1.000  0.168 -0.104  0.012 -0.312 -0.830  0.260  0.123  0.143 -0.089
        2  0.71172   0.168  1.000 -0.611  0.007  0.009 -0.384  0.348  0.165 -0.014  0.009
        3  0.67001  -0.104 -0.611  1.000 -0.107  0.006  0.199  0.000  0.000  0.158 -0.036
        4  0.96730   0.012  0.007 -0.107  1.000 -0.022  0.076 -0.257 -0.122 -0.886 -0.444
        5  0.39946  -0.312  0.009  0.006 -0.022  1.000  0.137  0.035  0.017 -0.078  0.064
        6  0.95006  -0.830 -0.384  0.199  0.076  0.137  1.000 -0.621 -0.294 -0.175  0.047
        7  0.85291   0.260  0.348  0.000 -0.257  0.035 -0.621  1.000  0.439  0.359 -0.056
        8  0.44287   0.123  0.165  0.000 -0.122  0.017 -0.294  0.439  1.000  0.170 -0.027
        9  0.96316   0.143 -0.014  0.158 -0.886 -0.078 -0.175  0.359  0.170  1.000  0.093
       10  0.80425  -0.089  0.009 -0.036 -0.444  0.064  0.047 -0.056 -0.027  0.093  1.000
 **********
 **    7 **SET ERR         0.5
 **********
 **********
 **    8 **SET PRINT           1
 **********
 **********
 **    9 **HESSE        5000
 **********
 COVARIANCE MATRIX CALCULATED SUCCESSFULLY
 FCN=-257740 FROM HESSE     STATUS=OK             86 CALLS        1401 TOTAL
                     EDM=0.000645163    STRATEGY= 1      ERROR MATRIX ACCURATE 
  EXT PARAMETER                                INTERNAL      INTERNAL  
  NO.   NAME      VALUE            ERROR       STEP SIZE       VALUE   
   1  alpha        1.69750e+00   9.92215e-02   1.16021e-04  -9.35494e-01
   2  ch4_k1      -9.10677e-01   1.15619e-01   2.68126e-04  -4.72752e-01
   3  ch4_k2      -1.62533e-01   1.43889e-01   3.23214e-04  -8.13560e-02
   4  frac         5.48445e-01   3.96076e-02   2.59612e-04   9.70423e-02
   5  mean1S       9.45928e+00   6.87729e-04   8.62046e-04  -7.21698e-02
   6  n            2.78355e+00   8.41919e-01   5.27367e-04  -6.05039e-01
   7  nBkg         5.33232e+02   1.08362e+02   7.88275e-05  -1.73004e+00
   8  nSig1S       2.54679e+04   1.91505e+02   1.43146e-05  -1.25025e+00
   9  sigma1S_1    1.19330e-01   2.90071e-03   1.09412e-04   1.51419e-01
  10  x1S          5.16155e-01   1.24457e-02   1.97801e-04   3.23162e-02
                               ERR DEF= 0.5
 EXTERNAL ERROR MATRIX.    NDIM=  25    NPAR= 10    ERR DEF=0.5
  9.849e-03  6.941e-03 -8.074e-03  3.866e-04 -2.534e-05 -7.847e-02  6.635e+00  6.633e+00  1.713e-05 -1.343e-04 
  6.941e-03  1.339e-02 -1.566e-02  6.737e-04 -1.088e-05 -7.428e-02  7.771e+00  7.769e+00 -4.559e-05 -2.120e-05 
 -8.074e-03 -1.566e-02  2.074e-02 -1.048e-03  1.304e-05  8.557e-02 -7.922e+00 -7.920e+00  8.070e-05  9.104e-06 
  3.866e-04  6.737e-04 -1.048e-03  1.572e-03 -1.226e-06 -2.307e-03 -5.051e-01 -5.051e-01 -1.026e-04 -2.505e-04 
 -2.534e-05 -1.088e-05  1.304e-05 -1.226e-06  4.737e-07  1.530e-04 -8.868e-03 -8.866e-03 -1.442e-07  7.121e-07 
 -7.847e-02 -7.428e-02  8.557e-02 -2.307e-03  1.530e-04  7.208e-01 -7.277e+01 -7.276e+01 -1.016e-04  7.365e-04 
  6.635e+00  7.771e+00 -7.922e+00 -5.051e-01 -8.868e-03 -7.277e+01  1.174e+04  1.121e+04  7.389e-02 -7.655e-02 
  6.633e+00  7.769e+00 -7.920e+00 -5.051e-01 -8.866e-03 -7.276e+01  1.121e+04  3.667e+04  7.389e-02 -7.654e-02 
  1.713e-05 -4.559e-05  8.070e-05 -1.026e-04 -1.442e-07 -1.016e-04  7.389e-02  7.389e-02  8.417e-06  6.224e-06 
 -1.343e-04 -2.120e-05  9.104e-06 -2.505e-04  7.121e-07  7.365e-04 -7.655e-02 -7.654e-02  6.224e-06  1.549e-04 
 PARAMETER  CORRELATION COEFFICIENTS  
       NO.  GLOBAL      1      2      3      4      5      6      7      8      9     10
        1  0.97365   1.000  0.604 -0.565  0.098 -0.371 -0.931  0.617  0.349  0.060 -0.109
        2  0.95569   0.604  1.000 -0.940  0.147 -0.137 -0.756  0.620  0.351 -0.136 -0.015
        3  0.94770  -0.565 -0.940  1.000 -0.184  0.132  0.700 -0.508 -0.287  0.193  0.005
        4  0.97263   0.098  0.147 -0.184  1.000 -0.045 -0.069 -0.118 -0.067 -0.892 -0.508
        5  0.45459  -0.371 -0.137  0.132 -0.045  1.000  0.262 -0.119 -0.067 -0.072  0.083
        6  0.98562  -0.931 -0.756  0.700 -0.069  0.262  1.000 -0.791 -0.448 -0.041  0.070
        7  0.91159   0.617  0.620 -0.508 -0.118 -0.119 -0.791  1.000  0.540  0.235 -0.057
        8  0.54292   0.349  0.351 -0.287 -0.067 -0.067 -0.448  0.540  1.000  0.133 -0.032
        9  0.96758   0.060 -0.136  0.193 -0.892 -0.072 -0.041  0.235  0.133  1.000  0.172
       10  0.82449  -0.109 -0.015  0.005 -0.508  0.083  0.070 -0.057 -0.032  0.172  1.000
[#1] INFO:Fitting -- RooAbsPdf::fitTo(model) Calculating sum-of-weights-squared correction matrix for covariance matrix
 **********
 **   10 **SET ERR         0.5
 **********
 **********
 **   11 **SET PRINT           1
 **********
 **********
 **   12 **HESSE        5000
 **********
 COVARIANCE MATRIX CALCULATED SUCCESSFULLY
 FCN=-257740 FROM HESSE     STATUS=OK             86 CALLS        1487 TOTAL
                     EDM=0.00068003    STRATEGY= 1      ERROR MATRIX ACCURATE 
  EXT PARAMETER                                INTERNAL      INTERNAL  
  NO.   NAME      VALUE            ERROR       STEP SIZE       VALUE   
   1  alpha        1.69750e+00   1.07345e-01   2.32042e-05  -9.35494e-01
   2  ch4_k1      -9.10677e-01   1.33381e-01   5.36252e-05  -4.72752e-01
   3  ch4_k2      -1.62533e-01   1.65696e-01   6.46429e-05  -8.13560e-02
   4  frac         5.48445e-01   3.98893e-02   5.19225e-05   9.70423e-02
   5  mean1S       9.45928e+00   6.91803e-04   1.72409e-04  -7.21698e-02
   6  n            2.78355e+00   9.32716e-01   1.05473e-04  -6.05039e-01
   7  nBkg         5.33232e+02   1.15455e+02   1.57655e-05  -1.73004e+00
   8  nSig1S       2.54679e+04   1.95616e+02   2.86292e-06  -1.25025e+00
   9  sigma1S_1    1.19330e-01   2.91777e-03   2.18824e-05   1.51419e-01
  10  x1S          5.16155e-01   1.24722e-02   3.95603e-05   3.23162e-02
                               ERR DEF= 0.5
 EXTERNAL ERROR MATRIX.    NDIM=  25    NPAR= 10    ERR DEF=0.5
  1.153e-02  9.553e-03 -1.129e-02  5.304e-04 -2.839e-05 -9.518e-02  8.267e+00  8.267e+00  9.273e-06 -1.466e-04 
  9.553e-03  1.782e-02 -2.115e-02  9.280e-04 -1.540e-05 -1.009e-01  1.038e+01  1.038e+01 -6.165e-05 -3.516e-05 
 -1.129e-02 -2.115e-02  2.752e-02 -1.362e-03  1.858e-05  1.184e-01 -1.114e+01 -1.114e+01  1.006e-04  2.618e-05 
  5.304e-04  9.280e-04 -1.362e-03  1.595e-03 -1.472e-06 -3.789e-03 -3.614e-01 -3.615e-01 -1.040e-04 -2.533e-04 
 -2.839e-05 -1.540e-05  1.858e-05 -1.472e-06  4.794e-07  1.830e-04 -1.180e-02 -1.180e-02 -1.322e-07  7.396e-07 
 -9.518e-02 -1.009e-01  1.184e-01 -3.789e-03  1.830e-04  8.882e-01 -8.911e+01 -8.911e+01 -1.651e-05  8.465e-04 
  8.267e+00  1.038e+01 -1.114e+01 -3.614e-01 -1.180e-02 -8.911e+01  1.333e+04  1.280e+04  6.556e-02 -8.627e-02 
  8.267e+00  1.038e+01 -1.114e+01 -3.615e-01 -1.180e-02 -8.911e+01  1.280e+04  3.827e+04  6.558e-02 -8.626e-02 
  9.273e-06 -6.165e-05  1.006e-04 -1.040e-04 -1.322e-07 -1.651e-05  6.556e-02  6.558e-02  8.516e-06  6.357e-06 
 -1.466e-04 -3.516e-05  2.618e-05 -2.533e-04  7.396e-07  8.465e-04 -8.627e-02 -8.626e-02  6.357e-06  1.556e-04 
 PARAMETER  CORRELATION COEFFICIENTS  
       NO.  GLOBAL      1      2      3      4      5      6      7      8      9     10
        1  0.97753   1.000  0.666 -0.634  0.124 -0.382 -0.941  0.667  0.394  0.030 -0.109
        2  0.96691   0.666  1.000 -0.955  0.174 -0.167 -0.802  0.673  0.397 -0.158 -0.021
        3  0.96085  -0.634 -0.955  1.000 -0.206  0.162  0.757 -0.582 -0.343  0.208  0.013
        4  0.97302   0.124  0.174 -0.206  1.000 -0.053 -0.101 -0.078 -0.046 -0.893 -0.508
        5  0.46474  -0.382 -0.167  0.162 -0.053  1.000  0.280 -0.148 -0.087 -0.065  0.086
        6  0.98835  -0.941 -0.802  0.757 -0.101  0.280  1.000 -0.819 -0.483 -0.006  0.072
        7  0.92256   0.667  0.673 -0.582 -0.078 -0.148 -0.819  1.000  0.567  0.195 -0.060
        8  0.56930   0.394  0.397 -0.343 -0.046 -0.087 -0.483  0.567  1.000  0.115 -0.035
        9  0.96796   0.030 -0.158  0.208 -0.893 -0.065 -0.006  0.195  0.115  1.000  0.175
       10  0.82532  -0.109 -0.021  0.013 -0.508  0.086  0.072 -0.060 -0.035  0.175  1.000
[#1] INFO:Minization -- RooMinimizer::optimizeConst: deactivating const optimization
[#1] INFO:Plotting -- RooAbsPdf::plotOn(model) p.d.f was fitted in a subrange and no explicit Range() and NormRange() was specified. Plotting / normalising in fit range. To override, do one of the following
	- Clear the automatic fit range attribute: <pdf>.setStringAttribute("fitrange", nullptr);
