
Processing MassYieldFit_CBGaus_MC.C("OniaRooDataSet_OniaSkim_TrigS1_MC.root", "OniaRooDataSet_L1DoubleMuOpenOS40100Trig_isMC1_HFNom_201222.root", 0, 50, -2.4, 2.4, "4", "L1DoubleMuOpenOS40100", 180, 1, true)...

Processing MassYieldFit_CBGaus_MC.C("OniaRooDataSet_OniaSkim_TrigS1_MC.root", "OniaRooDataSet_L1DoubleMuOpenOS40100Trig_isMC1_HFNom_201222.root", 0, 50, -2.4, 2.4, "4", "L1DoubleMuOpenOS40100", 180, 1, true)...

Processing MassYieldFit_CBGaus_MC.C("OniaRooDataSet_OniaSkim_TrigS1_MC.root", "OniaRooDataSet_L1DoubleMuOpenOS40100Trig_isMC1_HFNom_201222.root", 0, 50, -2.4, 2.4, "4", "L1DoubleMuOpenOS40100", 180, 1, true)...
[#1] INFO:ObjectHandling -- RooWorkspace::import(workspace) importing dataset dataset
[#1] INFO:ObjectHandling -- RooWorkspace::import(workspace) importing RooRealVar::mass
[#1] INFO:ObjectHandling -- RooWorkspace::import(workspace) importing RooRealVar::pt
[#1] INFO:ObjectHandling -- RooWorkspace::import(workspace) importing RooRealVar::y
[#1] INFO:ObjectHandling -- RooWorkspace::import(workspace) importing RooRealVar::pt1
[#1] INFO:ObjectHandling -- RooWorkspace::import(workspace) importing RooRealVar::pt2
[#1] INFO:ObjectHandling -- RooWorkspace::import(workspace) importing RooRealVar::eta1
[#1] INFO:ObjectHandling -- RooWorkspace::import(workspace) importing RooRealVar::eta2
[#1] INFO:ObjectHandling -- RooWorkspace::import(workspace) importing RooRealVar::weight
[#1] INFO:ObjectHandling -- RooWorkspace::import(workspace) importing RooRealVar::cBin
[#1] INFO:ObjectHandling -- RooWorkspace::import(workspace) importing RooRealVar::recoQQsign
[#1] INFO:ObjectHandling -- RooWorkspace::import(workspace) importing RooRealVar::NumDimu
[#1] INFO:ObjectHandling -- RooWorkspace::import(workspace) importing dataset reducedDS
RooRealVar::mass = 9.51597  L(8.7 - 10.3) // [GeV/c^{2}]
[#1] INFO:ObjectHandling -- RooWorkspace::import(workspace) importing RooRealVar::x1S
[#1] INFO:ObjectHandling -- RooWorkspace::import(workspace) importing RooRealVar::x3S
///////////////////////////////////////////////////////// test code ////////////////////////////////////////////////////////////
[#1] INFO:ObjectHandling -- RooWorkspace::import(workspace) importing RooAddPdf::model
[#1] INFO:ObjectHandling -- RooWorkspace::import(workspace) importing RooAddPdf::twoCB1S
[#1] INFO:ObjectHandling -- RooWorkspace::import(workspace) importing RooCBShape::CB1S_1
[#1] INFO:ObjectHandling -- RooWorkspace::import(workspace) importing RooRealVar::mean1S
[#1] INFO:ObjectHandling -- RooWorkspace::import(workspace) importing RooRealVar::sigma1S_1
[#1] INFO:ObjectHandling -- RooWorkspace::import(workspace) importing RooRealVar::alpha
[#1] INFO:ObjectHandling -- RooWorkspace::import(workspace) importing RooRealVar::n
[#1] INFO:ObjectHandling -- RooWorkspace::import(workspace) importing RooRealVar::frac
[#1] INFO:ObjectHandling -- RooWorkspace::import(workspace) importing RooGaussian::Gaussian for 1S_
[#1] INFO:ObjectHandling -- RooWorkspace::import(workspace) importing RooFormulaVar::sigma1S_2
[#1] INFO:ObjectHandling -- RooWorkspace::import(workspace) importing RooRealVar::nSig1S
[#1] INFO:ObjectHandling -- RooWorkspace::import(workspace) importing RooChebychev::cPol1Bkg
[#1] INFO:ObjectHandling -- RooWorkspace::import(workspace) importing RooRealVar::ch4_k1
[#1] INFO:ObjectHandling -- RooWorkspace::import(workspace) importing RooRealVar::ch4_k2
[#1] INFO:ObjectHandling -- RooWorkspace::import(workspace) importing RooRealVar::nBkg
[#1] INFO:Eval -- RooRealVar::setRange(mass) new range named 'fit' created with bounds [8.7,10.3]
[#1] INFO:Fitting -- RooAbsOptTestStatistic::ctor(nll_model_reducedDS) constructing test statistic for sub-range named fit
[#1] INFO:Eval -- RooRealVar::setRange(mass) new range named 'NormalizationRangeForfit' created with bounds [8.7,10.3]
[#1] INFO:Eval -- RooRealVar::setRange(mass) new range named 'fit_nll_model_reducedDS' created with bounds [8.7,10.3]
[#1] INFO:Fitting -- RooAbsOptTestStatistic::ctor(nll_model_reducedDS) fixing interpretation of coefficients of any RooAddPdf to full domain of observables 
[#1] INFO:Minization -- createNLL: caching constraint set under name CONSTR_OF_PDF_model_FOR_OBS_mass with 0 entries
[#1] INFO:Minization -- RooMinimizer::optimizeConst: activating const optimization
[#1] INFO:Minization --  The following expressions will be evaluated in cache-and-track mode: (CB1S_1,Gaussian for 1S_,cPol1Bkg)
 **********
 **    1 **SET PRINT           1
 **********
 **********
 **    2 **SET NOGRAD
 **********
 PARAMETER DEFINITIONS:
    NO.   NAME         VALUE      STEP SIZE      LIMITS
     1 alpha        2.00000e+00  6.00000e-01    8.00000e-01  1.00000e+01
     2 ch4_k1       2.00000e-01  4.00000e-01   -2.00000e+00  2.00000e+00
     3 ch4_k2       2.00000e-01  4.00000e-01   -2.00000e+00  2.00000e+00
     4 frac         5.00000e-01  1.00000e-01    0.00000e+00  1.00000e+00
     5 mean1S       9.46000e+00  2.00000e-03    9.45000e+00  9.47000e+00
     6 n            2.00000e+00  6.00000e-01    8.00000e-01  1.00000e+01
     7 nBkg         4.99500e+04  1.00100e+04   -1.00000e+02  1.00000e+05
     8 nSig1S       7.00000e+04  3.50000e+04    0.00000e+00  1.00000e+06
     9 sigma1S_1    5.00000e-02  1.90000e-02    1.00000e-02  2.00000e-01
    10 x1S          3.50000e-01  1.00000e-01    0.00000e+00  1.00000e+00
 **********
 **    3 **SET ERR         0.5
 **********
 **********
 **    4 **SET PRINT           1
 **********
 **********
 **    5 **SET STR           1
 **********
 NOW USING STRATEGY  1: TRY TO BALANCE SPEED AGAINST RELIABILITY
 **********
 **    6 **MIGRAD        5000           1
 **********
 FIRST CALL TO USER FUNCTION AT NEW START POINT, WITH IFLAG=4.
 START MIGRAD MINIMIZATION.  STRATEGY  1.  CONVERGENCE WHEN EDM .LT. 1.00e-03
 FCN=-191301 FROM MIGRAD    STATUS=INITIATE       70 CALLS          71 TOTAL
                     EDM= unknown      STRATEGY= 1      NO ERROR MATRIX       
  EXT PARAMETER               CURRENT GUESS       STEP         FIRST   
  NO.   NAME      VALUE            ERROR          SIZE      DERIVATIVE 
   1  alpha        1.28597e+00   6.00000e-01  -2.75208e-01   5.13530e+01
   2  ch4_k1       2.00000e-01   4.00000e-01   0.00000e+00   1.64469e+03
   3  ch4_k2       2.00000e-01   4.00000e-01   0.00000e+00   1.09150e+04
   4  frac         5.00000e-01   1.00000e-01   0.00000e+00  -7.04176e+03
   5  mean1S       9.46000e+00   2.00000e-03   0.00000e+00  -1.76485e+02
   6  n            2.00000e+00   6.00000e-01   0.00000e+00  -9.41651e+02
   7  nBkg         4.99500e+04   1.00100e+04   0.00000e+00   4.21485e+04
   8  nSig1S       7.00000e+04   3.50000e+04   0.00000e+00   1.89117e+05
   9  sigma1S_1    5.00000e-02   1.90000e-02   0.00000e+00  -1.52546e+04
  10  x1S          3.50000e-01   1.00000e-01   0.00000e+00  -4.72637e+03
                               ERR DEF= 0.5
[#0] WARNING:Minization -- RooMinimizerFcn: Minimized function has error status.
Returning maximum FCN so far (-185054) to force MIGRAD to back out of this region. Error log follows
Parameter values: alpha=1.27326, ch4_k1=-1.05774, ch4_k2=-0.685766, frac=0.926985, mean1S=9.46388, n=2.9647, nBkg=28407.3, nSig1S=7169.33, sigma1S_1=0.0901567, x1S=0.921095
RooChebychev::cPol1Bkg[ x=mass coefList=(ch4_k1,ch4_k2) ]
     p.d.f value is less than zero (-0.141645), forcing value to zero @ x=mass=10.1651, coefList=(ch4_k1 = -1.05774,ch4_k2 = -0.685766)
     p.d.f value is less than zero (-0.443353), forcing value to zero @ x=mass=10.2349, coefList=(ch4_k1 = -1.05774,ch4_k2 = -0.685766)
     p.d.f value is less than zero (-0.240872), forcing value to zero @ x=mass=10.1886, coefList=(ch4_k1 = -1.05774,ch4_k2 = -0.685766)
     p.d.f value is less than zero (-0.447637), forcing value to zero @ x=mass=10.2359, coefList=(ch4_k1 = -1.05774,ch4_k2 = -0.685766)
     p.d.f value is less than zero (-0.307752), forcing value to zero @ x=mass=10.2041, coefList=(ch4_k1 = -1.05774,ch4_k2 = -0.685766)

[#0] WARNING:Minization -- RooMinimizerFcn: Minimized function has error status.
Returning maximum FCN so far (-182057) to force MIGRAD to back out of this region. Error log follows
Parameter values: alpha=1.51868, ch4_k1=-1.02415, ch4_k2=-0.337367, frac=0.791762, mean1S=9.45684, n=3.59546, nBkg=929.737, nSig1S=24993.9, sigma1S_1=0.0994191, x1S=0.628105
RooChebychev::cPol1Bkg[ x=mass coefList=(ch4_k1,ch4_k2) ]
     p.d.f value is less than zero (-0.172866), forcing value to zero @ x=mass=10.2349, coefList=(ch4_k1 = -1.02415,ch4_k2 = -0.337367)
     p.d.f value is less than zero (-0.044095), forcing value to zero @ x=mass=10.1886, coefList=(ch4_k1 = -1.02415,ch4_k2 = -0.337367)
     p.d.f value is less than zero (-0.175577), forcing value to zero @ x=mass=10.2359, coefList=(ch4_k1 = -1.02415,ch4_k2 = -0.337367)
     p.d.f value is less than zero (-0.086775), forcing value to zero @ x=mass=10.2041, coefList=(ch4_k1 = -1.02415,ch4_k2 = -0.337367)

[#0] WARNING:Minization -- RooMinimizerFcn: Minimized function has error status.
Returning maximum FCN so far (-182057) to force MIGRAD to back out of this region. Error log follows
Parameter values: alpha=1.53422, ch4_k1=-1.08817, ch4_k2=-0.347731, frac=0.787023, mean1S=9.45599, n=3.63266, nBkg=1024.59, nSig1S=24918.4, sigma1S_1=0.0998738, x1S=0.604265
RooChebychev::cPol1Bkg[ x=mass coefList=(ch4_k1,ch4_k2) ]
     p.d.f value is less than zero (-0.037670), forcing value to zero @ x=mass=10.1651, coefList=(ch4_k1 = -1.08817,ch4_k2 = -0.347731)
     p.d.f value is less than zero (-0.238804), forcing value to zero @ x=mass=10.2349, coefList=(ch4_k1 = -1.08817,ch4_k2 = -0.347731)
     p.d.f value is less than zero (-0.104192), forcing value to zero @ x=mass=10.1886, coefList=(ch4_k1 = -1.08817,ch4_k2 = -0.347731)
     p.d.f value is less than zero (-0.241636), forcing value to zero @ x=mass=10.2359, coefList=(ch4_k1 = -1.08817,ch4_k2 = -0.347731)
     p.d.f value is less than zero (-0.148816), forcing value to zero @ x=mass=10.2041, coefList=(ch4_k1 = -1.08817,ch4_k2 = -0.347731)

[#0] WARNING:Minization -- RooMinimizerFcn: Minimized function has error status.
Returning maximum FCN so far (-182057) to force MIGRAD to back out of this region. Error log follows
Parameter values: alpha=1.49565, ch4_k1=-0.925422, ch4_k2=-0.321804, frac=0.798797, mean1S=9.45817, n=3.53992, nBkg=795.221, nSig1S=25107.3, sigma1S_1=0.0987372, x1S=0.66327
RooChebychev::cPol1Bkg[ x=mass coefList=(ch4_k1,ch4_k2) ]
     p.d.f value is less than zero (-0.071468), forcing value to zero @ x=mass=10.2349, coefList=(ch4_k1 = -0.925422,ch4_k2 = -0.321804)
     p.d.f value is less than zero (-0.073992), forcing value to zero @ x=mass=10.2359, coefList=(ch4_k1 = -0.925422,ch4_k2 = -0.321804)

[#0] WARNING:Minization -- RooMinimizerFcn: Minimized function has error status.
Returning maximum FCN so far (-182057) to force MIGRAD to back out of this region. Error log follows
Parameter values: alpha=1.49489, ch4_k1=-0.922079, ch4_k2=-0.321285, frac=0.79903, mean1S=9.45822, n=3.53808, nBkg=790.898, nSig1S=25111.1, sigma1S_1=0.0987145, x1S=0.664428
RooChebychev::cPol1Bkg[ x=mass coefList=(ch4_k1,ch4_k2) ]
     p.d.f value is less than zero (-0.068040), forcing value to zero @ x=mass=10.2349, coefList=(ch4_k1 = -0.922079,ch4_k2 = -0.321285)
     p.d.f value is less than zero (-0.070557), forcing value to zero @ x=mass=10.2359, coefList=(ch4_k1 = -0.922079,ch4_k2 = -0.321285)

[#0] WARNING:Minization -- RooMinimizerFcn: Minimized function has error status.
Returning maximum FCN so far (-182057) to force MIGRAD to back out of this region. Error log follows
Parameter values: alpha=1.48578, ch4_k1=-0.881703, ch4_k2=-0.315054, frac=0.801818, mean1S=9.45876, n=3.51595, nBkg=739.827, nSig1S=25156.5, sigma1S_1=0.0984419, x1S=0.678246
RooChebychev::cPol1Bkg[ x=mass coefList=(ch4_k1,ch4_k2) ]
     p.d.f value is less than zero (-0.026664), forcing value to zero @ x=mass=10.2349, coefList=(ch4_k1 = -0.881703,ch4_k2 = -0.315054)
     p.d.f value is less than zero (-0.029105), forcing value to zero @ x=mass=10.2359, coefList=(ch4_k1 = -0.881703,ch4_k2 = -0.315054)

[#0] WARNING:Minization -- RooMinimizerFcn: Minimized function has error status.
Returning maximum FCN so far (-182057) to force MIGRAD to back out of this region. Error log follows
Parameter values: alpha=1.48125, ch4_k1=-0.861345, ch4_k2=-0.311937, frac=0.803206, mean1S=9.45904, n=3.50491, nBkg=714.853, nSig1S=25179.2, sigma1S_1=0.0983055, x1S=0.685097
RooChebychev::cPol1Bkg[ x=mass coefList=(ch4_k1,ch4_k2) ]
     p.d.f value is less than zero (-0.005818), forcing value to zero @ x=mass=10.2349, coefList=(ch4_k1 = -0.861345,ch4_k2 = -0.311937)
     p.d.f value is less than zero (-0.008222), forcing value to zero @ x=mass=10.2359, coefList=(ch4_k1 = -0.861345,ch4_k2 = -0.311937)

[#0] WARNING:Minization -- RooMinimizerFcn: Minimized function has error status.
Returning maximum FCN so far (-182057) to force MIGRAD to back out of this region. Error log follows
Parameter values: alpha=1.47673, ch4_k1=-0.868246, ch4_k2=-0.308819, frac=0.804591, mean1S=9.45931, n=3.49388, nBkg=690.252, nSig1S=25202, sigma1S_1=0.0981692, x1S=0.691909
RooChebychev::cPol1Bkg[ x=mass coefList=(ch4_k1,ch4_k2) ]
     p.d.f value is less than zero (-0.010014), forcing value to zero @ x=mass=10.2349, coefList=(ch4_k1 = -0.868246,ch4_k2 = -0.308819)
     p.d.f value is less than zero (-0.012412), forcing value to zero @ x=mass=10.2359, coefList=(ch4_k1 = -0.868246,ch4_k2 = -0.308819)

[#0] WARNING:Minization -- RooMinimizerFcn: Minimized function has error status.
Returning maximum FCN so far (-182057) to force MIGRAD to back out of this region. Error log follows
Parameter values: alpha=1.47673, ch4_k1=-0.840877, ch4_k2=-0.341717, frac=0.804591, mean1S=9.45931, n=3.49388, nBkg=690.252, nSig1S=25202, sigma1S_1=0.0981692, x1S=0.691909
RooChebychev::cPol1Bkg[ x=mass coefList=(ch4_k1,ch4_k2) ]
     p.d.f value is less than zero (-0.007498), forcing value to zero @ x=mass=10.2349, coefList=(ch4_k1 = -0.840877,ch4_k2 = -0.341717)
     p.d.f value is less than zero (-0.010008), forcing value to zero @ x=mass=10.2359, coefList=(ch4_k1 = -0.840877,ch4_k2 = -0.341717)

[#0] WARNING:Minization -- RooMinimizerFcn: Minimized function has error status.
Returning maximum FCN so far (-182057) to force MIGRAD to back out of this region. Error log follows
Parameter values: alpha=1.50179, ch4_k1=-0.877745, ch4_k2=-0.318336, frac=0.796784, mean1S=9.4584, n=3.53423, nBkg=832.323, nSig1S=25088.1, sigma1S_1=0.0986043, x1S=0.654693
RooChebychev::cPol1Bkg[ x=mass coefList=(ch4_k1,ch4_k2) ]
     p.d.f value is less than zero (-0.025285), forcing value to zero @ x=mass=10.2349, coefList=(ch4_k1 = -0.877745,ch4_k2 = -0.318336)
     p.d.f value is less than zero (-0.027737), forcing value to zero @ x=mass=10.2359, coefList=(ch4_k1 = -0.877745,ch4_k2 = -0.318336)

[#0] WARNING:Minization -- RooMinimizerFcn: Minimized function has error status.
Returning maximum FCN so far (-182057) to force MIGRAD to back out of this region. Error log follows
Parameter values: alpha=1.50587, ch4_k1=-0.853244, ch4_k2=-0.317102, frac=0.794773, mean1S=9.45819, n=3.53529, nBkg=885.797, nSig1S=25046.7, sigma1S_1=0.0985353, x1S=0.64575
RooChebychev::cPol1Bkg[ x=mass coefList=(ch4_k1,ch4_k2) ]
     p.d.f value is less than zero (-0.001928), forcing value to zero @ x=mass=10.2349, coefList=(ch4_k1 = -0.853244,ch4_k2 = -0.317102)
     p.d.f value is less than zero (-0.004345), forcing value to zero @ x=mass=10.2359, coefList=(ch4_k1 = -0.853244,ch4_k2 = -0.317102)

[#0] WARNING:Minization -- RooMinimizerFcn: Minimized function has error status.
Returning maximum FCN so far (-182057) to force MIGRAD to back out of this region. Error log follows
Parameter values: alpha=1.54074, ch4_k1=-0.859735, ch4_k2=-0.326454, frac=0.784381, mean1S=9.45723, n=3.58996, nBkg=1040.25, nSig1S=24948, sigma1S_1=0.0993494, x1S=0.592909
RooChebychev::cPol1Bkg[ x=mass coefList=(ch4_k1,ch4_k2) ]
     p.d.f value is less than zero (-0.014324), forcing value to zero @ x=mass=10.2349, coefList=(ch4_k1 = -0.859735,ch4_k2 = -0.326454)
     p.d.f value is less than zero (-0.016789), forcing value to zero @ x=mass=10.2359, coefList=(ch4_k1 = -0.859735,ch4_k2 = -0.326454)

[#0] WARNING:Minization -- RooMinimizerFcn: Minimized function has error status.
Returning maximum FCN so far (-182057) to force MIGRAD to back out of this region. Error log follows
Parameter values: alpha=1.55762, ch4_k1=-0.854665, ch4_k2=-0.330346, frac=0.777257, mean1S=9.45664, n=3.62205, nBkg=1144.17, nSig1S=24870, sigma1S_1=0.0999036, x1S=0.55664
RooChebychev::cPol1Bkg[ x=mass coefList=(ch4_k1,ch4_k2) ]
     p.d.f value is less than zero (-0.012343), forcing value to zero @ x=mass=10.2349, coefList=(ch4_k1 = -0.854665,ch4_k2 = -0.330346)
     p.d.f value is less than zero (-0.014820), forcing value to zero @ x=mass=10.2359, coefList=(ch4_k1 = -0.854665,ch4_k2 = -0.330346)

[#0] WARNING:Minization -- RooMinimizerFcn: Minimized function has error status.
Returning maximum FCN so far (-182057) to force MIGRAD to back out of this region. Error log follows
Parameter values: alpha=1.57453, ch4_k1=-0.85141, ch4_k2=-0.334755, frac=0.770493, mean1S=9.45614, n=3.65412, nBkg=1223.53, nSig1S=24822.1, sigma1S_1=0.100564, x1S=0.521269
RooChebychev::cPol1Bkg[ x=mass coefList=(ch4_k1,ch4_k2) ]
     p.d.f value is less than zero (-0.012385), forcing value to zero @ x=mass=10.2349, coefList=(ch4_k1 = -0.85141,ch4_k2 = -0.334755)
     p.d.f value is less than zero (-0.014878), forcing value to zero @ x=mass=10.2359, coefList=(ch4_k1 = -0.85141,ch4_k2 = -0.334755)

[#0] WARNING:Minization -- RooMinimizerFcn: Minimized function has error status.
Returning maximum FCN so far (-182057) to force MIGRAD to back out of this region. Error log follows
Parameter values: alpha=1.58649, ch4_k1=-0.84444, ch4_k2=-0.336908, frac=0.765114, mean1S=9.45576, n=3.67496, nBkg=1296.73, nSig1S=24775.2, sigma1S_1=0.10105, x1S=0.493492
RooChebychev::cPol1Bkg[ x=mass coefList=(ch4_k1,ch4_k2) ]
     p.d.f value is less than zero (-0.007463), forcing value to zero @ x=mass=10.2349, coefList=(ch4_k1 = -0.84444,ch4_k2 = -0.336908)
     p.d.f value is less than zero (-0.009956), forcing value to zero @ x=mass=10.2359, coefList=(ch4_k1 = -0.84444,ch4_k2 = -0.336908)

[#0] WARNING:Minization -- RooMinimizerFcn: Minimized function has error status.
Returning maximum FCN so far (-182057) to force MIGRAD to back out of this region. Error log follows
Parameter values: alpha=1.59853, ch4_k1=-0.841959, ch4_k2=-0.340051, frac=0.761102, mean1S=9.45554, n=3.69465, nBkg=1325.64, nSig1S=24763.4, sigma1S_1=0.101634, x1S=0.470972
RooChebychev::cPol1Bkg[ x=mass coefList=(ch4_k1,ch4_k2) ]
     p.d.f value is less than zero (-0.007347), forcing value to zero @ x=mass=10.2349, coefList=(ch4_k1 = -0.841959,ch4_k2 = -0.340051)
     p.d.f value is less than zero (-0.009851), forcing value to zero @ x=mass=10.2359, coefList=(ch4_k1 = -0.841959,ch4_k2 = -0.340051)

[#0] WARNING:Minization -- RooMinimizerFcn: Minimized function has error status.
Returning maximum FCN so far (-182057) to force MIGRAD to back out of this region. Error log follows
Parameter values: alpha=1.6067, ch4_k1=-0.832954, ch4_k2=-0.340165, frac=0.75822, mean1S=9.45533, n=3.70129, nBkg=1380.57, nSig1S=24729.8, sigma1S_1=0.101917, x1S=0.455349
RooChebychev::cPol1Bkg[ x=mass coefList=(ch4_k1,ch4_k2) ]
     p.d.f value is less than zero (-0.001646), forcing value to zero @ x=mass=10.2359, coefList=(ch4_k1 = -0.832954,ch4_k2 = -0.340165)

[#0] WARNING:Minization -- RooMinimizerFcn: Minimized function has error status.
Returning maximum FCN so far (-182057) to force MIGRAD to back out of this region. Error log follows
Parameter values: alpha=1.62317, ch4_k1=-0.84223, ch4_k2=-0.347297, frac=0.755296, mean1S=9.45529, n=3.72818, nBkg=1339.15, nSig1S=24769.5, sigma1S_1=0.102861, x1S=0.434363
RooChebychev::cPol1Bkg[ x=mass coefList=(ch4_k1,ch4_k2) ]
     p.d.f value is less than zero (-0.012579), forcing value to zero @ x=mass=10.2349, coefList=(ch4_k1 = -0.84223,ch4_k2 = -0.347297)
     p.d.f value is less than zero (-0.015116), forcing value to zero @ x=mass=10.2359, coefList=(ch4_k1 = -0.84223,ch4_k2 = -0.347297)

[#0] WARNING:Minization -- RooMinimizerFcn: Minimized function has error status.
Returning maximum FCN so far (-182057) to force MIGRAD to back out of this region. Error log follows
Parameter values: alpha=1.59939, ch4_k1=-0.836526, ch4_k2=-0.338487, frac=0.769294, mean1S=9.45636, n=3.6661, nBkg=1180.64, nSig1S=24885.8, sigma1S_1=0.101904, x1S=0.499487
RooChebychev::cPol1Bkg[ x=mass coefList=(ch4_k1,ch4_k2) ]
     p.d.f value is less than zero (-0.001279), forcing value to zero @ x=mass=10.2349, coefList=(ch4_k1 = -0.836526,ch4_k2 = -0.338487)
     p.d.f value is less than zero (-0.003770), forcing value to zero @ x=mass=10.2359, coefList=(ch4_k1 = -0.836526,ch4_k2 = -0.338487)

[#0] WARNING:Minization -- RooMinimizerFcn: Minimized function has error status.
Returning maximum FCN so far (-182057) to force MIGRAD to back out of this region. Error log follows
Parameter values: alpha=1.6033, ch4_k1=-0.835288, ch4_k2=-0.338636, frac=0.772237, mean1S=9.45664, n=3.65795, nBkg=1157.5, nSig1S=24910.3, sigma1S_1=0.10189, x1S=0.509295
RooChebychev::cPol1Bkg[ x=mass coefList=(ch4_k1,ch4_k2) ]
     p.d.f value is less than zero (-0.000245), forcing value to zero @ x=mass=10.2349, coefList=(ch4_k1 = -0.835288,ch4_k2 = -0.338636)
     p.d.f value is less than zero (-0.002735), forcing value to zero @ x=mass=10.2359, coefList=(ch4_k1 = -0.835288,ch4_k2 = -0.338636)

[#0] WARNING:Minization -- RooMinimizerFcn: Minimized function has error status.
Returning maximum FCN so far (-182057) to force MIGRAD to back out of this region. Error log follows
Parameter values: alpha=1.61907, ch4_k1=-0.832786, ch4_k2=-0.342394, frac=0.771337, mean1S=9.45663, n=3.66684, nBkg=1175.11, nSig1S=24904.2, sigma1S_1=0.102285, x1S=0.497279
RooChebychev::cPol1Bkg[ x=mass coefList=(ch4_k1,ch4_k2) ]
     p.d.f value is less than zero (-0.000531), forcing value to zero @ x=mass=10.2349, coefList=(ch4_k1 = -0.832786,ch4_k2 = -0.342394)
     p.d.f value is less than zero (-0.003034), forcing value to zero @ x=mass=10.2359, coefList=(ch4_k1 = -0.832786,ch4_k2 = -0.342394)

[#0] WARNING:Minization -- RooMinimizerFcn: Minimized function has error status.
Returning maximum FCN so far (-182057) to force MIGRAD to back out of this region. Error log follows
Parameter values: alpha=1.6303, ch4_k1=-0.829983, ch4_k2=-0.345376, frac=0.770828, mean1S=9.45662, n=3.67285, nBkg=1185.87, nSig1S=24903.5, sigma1S_1=0.10258, x1S=0.488173
RooChebychev::cPol1Bkg[ x=mass coefList=(ch4_k1,ch4_k2) ]
     p.d.f value is less than zero (-0.000007), forcing value to zero @ x=mass=10.2349, coefList=(ch4_k1 = -0.829983,ch4_k2 = -0.345376)
     p.d.f value is less than zero (-0.002521), forcing value to zero @ x=mass=10.2359, coefList=(ch4_k1 = -0.829983,ch4_k2 = -0.345376)

[#0] WARNING:Minization -- RooMinimizerFcn: Minimized function has error status.
Returning maximum FCN so far (-182057) to force MIGRAD to back out of this region. Error log follows
Parameter values: alpha=1.63949, ch4_k1=-0.827456, ch4_k2=-0.348073, frac=0.770541, mean1S=9.45663, n=3.67789, nBkg=1191.14, nSig1S=24905.8, sigma1S_1=0.102844, x1S=0.480597
RooChebychev::cPol1Bkg[ x=mass coefList=(ch4_k1,ch4_k2) ]
     p.d.f value is less than zero (-0.002063), forcing value to zero @ x=mass=10.2359, coefList=(ch4_k1 = -0.827456,ch4_k2 = -0.348073)

[#0] WARNING:Minization -- RooMinimizerFcn: Minimized function has error status.
Returning maximum FCN so far (-182057) to force MIGRAD to back out of this region. Error log follows
Parameter values: alpha=1.64725, ch4_k1=-0.825073, ch4_k2=-0.35047, frac=0.770384, mean1S=9.45665, n=3.68219, nBkg=1193.64, nSig1S=24909.7, sigma1S_1=0.103079, x1S=0.474249
RooChebychev::cPol1Bkg[ x=mass coefList=(ch4_k1,ch4_k2) ]
     p.d.f value is less than zero (-0.001530), forcing value to zero @ x=mass=10.2359, coefList=(ch4_k1 = -0.825073,ch4_k2 = -0.35047)

[#0] WARNING:Minization -- RooMinimizerFcn: Minimized function has error status.
Returning maximum FCN so far (-182057) to force MIGRAD to back out of this region. Error log follows
Parameter values: alpha=1.65355, ch4_k1=-0.823, ch4_k2=-0.35259, frac=0.770359, mean1S=9.45669, n=3.68569, nBkg=1192.55, nSig1S=24915.6, sigma1S_1=0.103281, x1S=0.469217
RooChebychev::cPol1Bkg[ x=mass coefList=(ch4_k1,ch4_k2) ]
     p.d.f value is less than zero (-0.001091), forcing value to zero @ x=mass=10.2359, coefList=(ch4_k1 = -0.823,ch4_k2 = -0.35259)

[#0] WARNING:Minization -- RooMinimizerFcn: Minimized function has error status.
Returning maximum FCN so far (-182057) to force MIGRAD to back out of this region. Error log follows
Parameter values: alpha=1.65885, ch4_k1=-0.821101, ch4_k2=-0.354509, frac=0.770382, mean1S=9.45674, n=3.68906, nBkg=1189.77, nSig1S=24922.2, sigma1S_1=0.103464, x1S=0.465016
RooChebychev::cPol1Bkg[ x=mass coefList=(ch4_k1,ch4_k2) ]
     p.d.f value is less than zero (-0.000672), forcing value to zero @ x=mass=10.2359, coefList=(ch4_k1 = -0.821101,ch4_k2 = -0.354509)

[#0] WARNING:Minization -- RooMinimizerFcn: Minimized function has error status.
Returning maximum FCN so far (-182057) to force MIGRAD to back out of this region. Error log follows
Parameter values: alpha=1.6634, ch4_k1=-0.819426, ch4_k2=-0.356277, frac=0.770449, mean1S=9.4568, n=3.69234, nBkg=1185.06, nSig1S=24929.8, sigma1S_1=0.103631, x1S=0.46156
RooChebychev::cPol1Bkg[ x=mass coefList=(ch4_k1,ch4_k2) ]
     p.d.f value is less than zero (-0.000355), forcing value to zero @ x=mass=10.2359, coefList=(ch4_k1 = -0.819426,ch4_k2 = -0.356277)

[#0] WARNING:Minization -- RooMinimizerFcn: Minimized function has error status.
Returning maximum FCN so far (-182057) to force MIGRAD to back out of this region. Error log follows
Parameter values: alpha=1.66767, ch4_k1=-0.817827, ch4_k2=-0.357945, frac=0.770499, mean1S=9.45686, n=3.69589, nBkg=1179.98, nSig1S=24937.3, sigma1S_1=0.103794, x1S=0.45846
RooChebychev::cPol1Bkg[ x=mass coefList=(ch4_k1,ch4_k2) ]
     p.d.f value is less than zero (-0.000039), forcing value to zero @ x=mass=10.2359, coefList=(ch4_k1 = -0.817827,ch4_k2 = -0.357945)

[#0] WARNING:Minization -- RooMinimizerFcn: Minimized function has error status.
Returning maximum FCN so far (-182057) to force MIGRAD to back out of this region. Error log follows
Parameter values: alpha=1.6485, ch4_k1=-0.821355, ch4_k2=-0.353235, frac=0.772163, mean1S=9.45694, n=3.68224, nBkg=1152.15, nSig1S=24943.1, sigma1S_1=0.103265, x1S=0.475694
RooChebychev::cPol1Bkg[ x=mass coefList=(ch4_k1,ch4_k2) ]
     p.d.f value is less than zero (-0.000024), forcing value to zero @ x=mass=10.2359, coefList=(ch4_k1 = -0.821355,ch4_k2 = -0.353235)

[#0] WARNING:Minization -- RooMinimizerFcn: Minimized function has error status.
Returning maximum FCN so far (-182057) to force MIGRAD to back out of this region. Error log follows
Parameter values: alpha=1.6485, ch4_k1=-0.82051, ch4_k2=-0.354354, frac=0.772163, mean1S=9.45694, n=3.68224, nBkg=1152.15, nSig1S=24943.1, sigma1S_1=0.103265, x1S=0.475694
RooChebychev::cPol1Bkg[ x=mass coefList=(ch4_k1,ch4_k2) ]
     p.d.f value is less than zero (-0.000021), forcing value to zero @ x=mass=10.2359, coefList=(ch4_k1 = -0.82051,ch4_k2 = -0.354354)

 MIGRAD FAILS TO FIND IMPROVEMENT
 MIGRAD MINIMIZATION HAS CONVERGED.
 MIGRAD WILL VERIFY CONVERGENCE AND ERROR MATRIX.
 COVARIANCE MATRIX CALCULATED SUCCESSFULLY
 FCN=-257735 FROM HESSE     STATUS=OK            102 CALLS        1303 TOTAL
                     EDM=0.00817952    STRATEGY= 1      ERROR MATRIX ACCURATE 
  EXT PARAMETER                                   STEP         FIRST   
  NO.   NAME      VALUE            ERROR          SIZE      DERIVATIVE 
   1  alpha        1.50233e+00   6.24218e-02   3.86561e-03   1.15508e+00
   2  ch4_k1      -9.64738e-01   4.13676e-02   5.97652e-03   6.00088e+00
   3  ch4_k2      -9.88991e-02   5.37952e-02   7.05817e-03   4.31700e+00
   4  frac         6.25270e-01   3.00405e-02   5.83573e-03  -2.80236e-01
   5  mean1S       9.45810e+00   6.49402e-04   2.19056e-02   1.04516e-02
   6  n            4.37610e+00   1.07476e+00   3.12586e-02  -3.48475e-04
   7  nBkg         6.05820e+02   8.74331e+01   1.85285e-03   1.38614e+00
   8  nSig1S       2.53953e+04   1.79977e+02   3.58070e-04   1.48980e+00
   9  sigma1S_1    1.16671e-01   2.41068e-03   2.64891e-03  -7.10709e-01
  10  x1S          5.01947e-01   1.26921e-02   5.38271e-03  -3.13643e-01
                               ERR DEF= 0.5
 MIGRAD MINIMIZATION HAS CONVERGED.
 FCN=-257735 FROM MIGRAD    STATUS=CONVERGED    1534 CALLS        1535 TOTAL
                     EDM=7.34818e-05    STRATEGY= 1  ERROR MATRIX UNCERTAINTY   9.3 per cent
  EXT PARAMETER                                   STEP         FIRST   
  NO.   NAME      VALUE            ERROR          SIZE      DERIVATIVE 
   1  alpha        1.48761e+00   7.66288e-02  -3.58392e-04  -3.30668e-01
   2  ch4_k1      -9.79446e-01   8.51117e-02  -1.04080e-03   9.55240e-01
   3  ch4_k2      -8.35558e-02   9.58279e-02   7.98674e-04   8.56949e-01
   4  frac         6.23451e-01   3.08312e-02  -2.35877e-04   4.80557e-02
   5  mean1S       9.45812e+00   6.52980e-04   1.10550e-04  -3.34866e-03
   6  n            4.73938e+00   1.76580e+00   7.17782e-03  -1.02636e-02
   7  nBkg         6.20318e+02   9.92394e+01  -1.63225e-04  -3.28873e-01
   8  nSig1S       2.53807e+04   1.85654e+02  -8.67156e-06  -2.28559e-01
   9  sigma1S_1    1.16712e-01   2.40992e-03   3.93003e-05   9.67961e-02
  10  x1S          5.02799e-01   1.28556e-02   6.95132e-05   3.61780e-03
                               ERR DEF= 0.5
 EXTERNAL ERROR MATRIX.    NDIM=  25    NPAR= 10    ERR DEF=0.5
  5.874e-03  4.049e-03 -4.226e-03  8.931e-04 -1.067e-05 -1.155e-01  3.016e+00  3.007e+00 -2.650e-05 -4.018e-04 
  4.049e-03  7.250e-03 -7.728e-03  6.110e-04 -5.426e-06 -1.289e-01  4.948e+00  4.932e+00 -2.743e-05 -1.715e-04 
 -4.226e-03 -7.728e-03  9.190e-03 -7.414e-04  5.176e-06  1.342e-01 -4.707e+00 -4.679e+00  4.038e-05  1.760e-04 
  8.931e-04  6.110e-04 -7.414e-04  9.519e-04  2.342e-06 -1.173e-02 -2.279e-01 -2.211e-01 -6.515e-05 -2.090e-04 
 -1.067e-05 -5.426e-06  5.176e-06  2.342e-06  4.270e-07  1.717e-04 -6.386e-03 -6.347e-03 -3.277e-07  4.552e-07 
 -1.155e-01 -1.289e-01  1.342e-01 -1.173e-02  1.717e-04  3.288e+00 -1.325e+02 -1.317e+02  1.661e-04  5.281e-03 
  3.016e+00  4.948e+00 -4.707e+00 -2.279e-01 -6.386e-03 -1.325e+02  9.849e+03  9.157e+03  5.822e-02 -1.271e-01 
  3.007e+00  4.932e+00 -4.679e+00 -2.211e-01 -6.347e-03 -1.317e+02  9.157e+03  3.447e+04  5.743e-02 -1.273e-01 
 -2.650e-05 -2.743e-05  4.038e-05 -6.515e-05 -3.277e-07  1.661e-04  5.822e-02  5.743e-02  5.809e-06  5.376e-06 
 -4.018e-04 -1.715e-04  1.760e-04 -2.090e-04  4.552e-07  5.281e-03 -1.271e-01 -1.273e-01  5.376e-06  1.653e-04 
 PARAMETER  CORRELATION COEFFICIENTS  
       NO.  GLOBAL      1      2      3      4      5      6      7      8      9     10
        1  0.93534   1.000  0.620 -0.575  0.378 -0.213 -0.831  0.396  0.211 -0.143 -0.408
        2  0.96208   0.620  1.000 -0.947  0.233 -0.098 -0.835  0.586  0.312 -0.134 -0.157
        3  0.95061  -0.575 -0.947  1.000 -0.251  0.083  0.772 -0.495 -0.263  0.175  0.143
        4  0.96517   0.378  0.233 -0.251  1.000  0.116 -0.210 -0.074 -0.039 -0.876 -0.527
        5  0.34400  -0.213 -0.098  0.083  0.116  1.000  0.145 -0.098 -0.052 -0.208  0.054
        6  0.97263  -0.831 -0.835  0.772 -0.210  0.145  1.000 -0.736 -0.391  0.038  0.226
        7  0.89000   0.396  0.586 -0.495 -0.074 -0.098 -0.736  1.000  0.497  0.243 -0.100
        8  0.50112   0.211  0.312 -0.263 -0.039 -0.052 -0.391  0.497  1.000  0.128 -0.053
        9  0.95526  -0.143 -0.134  0.175 -0.876 -0.208  0.038  0.243  0.128  1.000  0.173
       10  0.80221  -0.408 -0.157  0.143 -0.527  0.054  0.226 -0.100 -0.053  0.173  1.000
 **********
 **    7 **SET ERR         0.5
 **********
 **********
 **    8 **SET PRINT           1
 **********
 **********
 **    9 **HESSE        5000
 **********
 COVARIANCE MATRIX CALCULATED SUCCESSFULLY
 FCN=-257735 FROM HESSE     STATUS=OK            106 CALLS        1641 TOTAL
                     EDM=0.00239771    STRATEGY= 1      ERROR MATRIX ACCURATE 
  EXT PARAMETER                                INTERNAL      INTERNAL  
  NO.   NAME      VALUE            ERROR       STEP SIZE       VALUE   
   1  alpha        1.48761e+00   6.31871e-02   3.93962e-03  -1.01697e+00
   2  ch4_k1      -9.79446e-01   3.83327e-02   5.71243e-03  -5.11772e-01
   3  ch4_k2      -8.35558e-02   5.03993e-02   6.71698e-03  -4.17900e-02
   4  frac         6.23451e-01   3.02386e-02   5.84236e-03   2.49483e-01
   5  mean1S       9.45812e+00   6.51209e-04   2.19011e-02  -1.89197e-01
   6  n            4.73938e+00   1.22438e+00   3.52100e-02  -1.44112e-01
   7  nBkg         6.20318e+02   8.58123e+01   1.83237e-03  -1.74066e+00
   8  nSig1S       2.53807e+04   1.79114e+02   3.58097e-04  -1.25081e+00
   9  sigma1S_1    1.16712e-01   2.42005e-03   2.65009e-03   1.23602e-01
  10  x1S          5.02799e-01   1.27248e-02   5.37327e-03   5.59793e-03
                               ERR DEF= 0.5
 EXTERNAL ERROR MATRIX.    NDIM=  25    NPAR= 10    ERR DEF=0.5
  3.994e-03  2.350e-04 -2.701e-04  5.834e-04 -8.136e-06 -5.708e-02  5.785e-01  5.745e-01 -1.125e-05 -3.230e-04 
  2.350e-04  1.470e-03 -1.162e-03  3.825e-05 -2.585e-07 -1.564e-02  8.594e-01  8.547e-01 -2.431e-06  2.264e-06 
 -2.701e-04 -1.162e-03  2.541e-03 -1.864e-04 -2.244e-07  9.973e-03  2.684e-01  2.710e-01  2.030e-05 -9.272e-06 
  5.834e-04  3.825e-05 -1.864e-04  9.156e-04  2.837e-06 -1.630e-03 -6.465e-01 -6.444e-01 -6.417e-05 -1.943e-04 
 -8.136e-06 -2.585e-07 -2.244e-07  2.837e-06  4.247e-07  9.112e-05 -2.958e-03 -2.947e-03 -3.565e-07  3.595e-07 
 -5.708e-02 -1.564e-02  9.973e-03 -1.630e-03  9.112e-05  1.537e+00 -6.483e+01 -6.456e+01 -3.569e-04  2.756e-03 
  5.785e-01  8.594e-01  2.684e-01 -6.465e-01 -2.958e-03 -6.483e+01  7.364e+03  6.722e+03  8.035e-02 -2.347e-02 
  5.745e-01  8.547e-01  2.710e-01 -6.444e-01 -2.947e-03 -6.456e+01  6.722e+03  3.208e+04  8.010e-02 -2.343e-02 
 -1.125e-05 -2.431e-06  2.030e-05 -6.417e-05 -3.565e-07 -3.569e-04  8.035e-02  8.010e-02  5.858e-06  4.510e-06 
 -3.230e-04  2.264e-06 -9.272e-06 -1.943e-04  3.595e-07  2.756e-03 -2.347e-02 -2.343e-02  4.510e-06  1.620e-04 
 PARAMETER  CORRELATION COEFFICIENTS  
       NO.  GLOBAL      1      2      3      4      5      6      7      8      9     10
        1  0.90236   1.000  0.097 -0.085  0.305 -0.198 -0.729  0.107  0.051 -0.074 -0.402
        2  0.68025   0.097  1.000 -0.601  0.033 -0.010 -0.329  0.261  0.124 -0.026  0.005
        3  0.66062  -0.085 -0.601  1.000 -0.122 -0.007  0.160  0.062  0.030  0.166 -0.014
        4  0.96373   0.305  0.033 -0.122  1.000  0.144 -0.043 -0.249 -0.119 -0.876 -0.505
        5  0.33699  -0.198 -0.010 -0.007  0.144  1.000  0.113 -0.053 -0.025 -0.226  0.043
        6  0.92765  -0.729 -0.329  0.160 -0.043  0.113  1.000 -0.609 -0.291 -0.119  0.175
        7  0.85737   0.107  0.261  0.062 -0.249 -0.053 -0.609  1.000  0.437  0.387 -0.021
        8  0.44212   0.051  0.124  0.030 -0.119 -0.025 -0.291  0.437  1.000  0.185 -0.010
        9  0.95567  -0.074 -0.026  0.166 -0.876 -0.226 -0.119  0.387  0.185  1.000  0.146
       10  0.79842  -0.402  0.005 -0.014 -0.505  0.043  0.175 -0.021 -0.010  0.146  1.000
[#1] INFO:Fitting -- RooAbsPdf::fitTo(model) Calculating sum-of-weights-squared correction matrix for covariance matrix
 **********
 **   10 **SET ERR         0.5
 **********
 **********
 **   11 **SET PRINT           1
 **********
 **********
 **   12 **HESSE        5000
 **********
 COVARIANCE MATRIX CALCULATED SUCCESSFULLY
 FCN=-257735 FROM HESSE     STATUS=OK             86 CALLS        1727 TOTAL
                     EDM=0.00364692    STRATEGY= 1      ERROR MATRIX ACCURATE 
  EXT PARAMETER                                INTERNAL      INTERNAL  
  NO.   NAME      VALUE            ERROR       STEP SIZE       VALUE   
   1  alpha        1.48761e+00   9.63458e-02   1.57585e-04  -1.01697e+00
   2  ch4_k1      -9.79446e-01   8.31069e-02   2.28497e-04  -5.11772e-01
   3  ch4_k2      -8.35558e-02   1.06357e-01   2.68679e-04  -4.17900e-02
   4  frac         6.23451e-01   3.40248e-02   2.33695e-04   2.49483e-01
   5  mean1S       9.45812e+00   6.62175e-04   8.76044e-04  -1.89197e-01
   6  n            4.73938e+00   2.08778e+00   1.40840e-03  -1.44112e-01
   7  nBkg         6.20318e+02   1.02838e+02   7.32949e-05  -1.74066e+00
   8  nSig1S       2.53807e+04   1.87970e+02   1.43239e-05  -1.25081e+00
   9  sigma1S_1    1.16712e-01   2.58754e-03   1.06004e-04   1.23602e-01
  10  x1S          5.02799e-01   1.40027e-02   2.14931e-04   5.59793e-03
                               ERR DEF= 0.5
 EXTERNAL ERROR MATRIX.    NDIM=  25    NPAR= 10    ERR DEF=0.5
  9.287e-03  4.009e-03 -4.781e-03  1.306e-03 -1.608e-05 -1.848e-01  4.781e+00  4.780e+00 -2.988e-05 -6.540e-04 
  4.009e-03  6.912e-03 -8.172e-03  6.947e-04 -5.245e-06 -1.224e-01  4.094e+00  4.093e+00 -3.756e-05 -1.717e-04 
 -4.781e-03 -8.172e-03  1.132e-02 -9.968e-04  5.585e-06  1.413e-01 -3.833e+00 -3.832e+00  6.458e-05  1.995e-04 
  1.306e-03  6.947e-04 -9.968e-04  1.160e-03  2.346e-06 -1.811e-02 -2.046e-01 -2.046e-01 -7.707e-05 -2.818e-04 
 -1.608e-05 -5.245e-06  5.585e-06  2.346e-06  4.391e-07  2.872e-04 -9.896e-03 -9.894e-03 -3.724e-07  6.834e-07 
 -1.848e-01 -1.224e-01  1.413e-01 -1.811e-02  2.872e-04  4.704e+00 -1.669e+02 -1.668e+02  1.110e-04  9.764e-03 
  4.781e+00  4.094e+00 -3.833e+00 -2.046e-01 -9.896e-03 -1.669e+02  1.058e+04  9.954e+03  7.151e-02 -2.218e-01 
  4.780e+00  4.093e+00 -3.832e+00 -2.046e-01 -9.894e-03 -1.668e+02  9.954e+03  3.533e+04  7.150e-02 -2.218e-01 
 -2.988e-05 -3.756e-05  6.458e-05 -7.707e-05 -3.724e-07  1.110e-04  7.151e-02  7.150e-02  6.697e-06  8.426e-06 
 -6.540e-04 -1.717e-04  1.995e-04 -2.818e-04  6.834e-07  9.764e-03 -2.218e-01 -2.218e-01  8.426e-06  1.961e-04 
 PARAMETER  CORRELATION COEFFICIENTS  
       NO.  GLOBAL      1      2      3      4      5      6      7      8      9     10
        1  0.95917   1.000  0.500 -0.466  0.398 -0.252 -0.884  0.482  0.264 -0.120 -0.485
        2  0.94001   0.500  1.000 -0.924  0.245 -0.095 -0.679  0.479  0.262 -0.175 -0.148
        3  0.93328  -0.466 -0.924  1.000 -0.275  0.079  0.612 -0.350 -0.192  0.235  0.134
        4  0.97147   0.398  0.245 -0.275  1.000  0.104 -0.245 -0.058 -0.032 -0.875 -0.591
        5  0.37794  -0.252 -0.095  0.079  0.104  1.000  0.200 -0.145 -0.079 -0.217  0.074
        6  0.97691  -0.884 -0.679  0.612 -0.245  0.200  1.000 -0.748 -0.409  0.020  0.321
        7  0.90307   0.482  0.479 -0.350 -0.058 -0.145 -0.748  1.000  0.515  0.269 -0.154
        8  0.51913   0.264  0.262 -0.192 -0.032 -0.079 -0.409  0.515  1.000  0.147 -0.084
        9  0.96133  -0.120 -0.175  0.235 -0.875 -0.217  0.020  0.269  0.147  1.000  0.233
       10  0.83704  -0.485 -0.148  0.134 -0.591  0.074  0.321 -0.154 -0.084  0.233  1.000
[#1] INFO:Minization -- RooMinimizer::optimizeConst: deactivating const optimization
[#1] INFO:Plotting -- RooAbsPdf::plotOn(model) p.d.f was fitted in a subrange and no explicit Range() and NormRange() was specified. Plotting / normalising in fit range. To override, do one of the following
	- Clear the automatic fit range attribute: <pdf>.setStringAttribute("fitrange", nullptr);
	- Explicitly specify the plotting range: Range("<rangeName>").
	- Explicitly specify where to compute the normalisation: NormRange("<rangeName>").
	The default (full) range can be denoted with Range("") / NormRange("").
[#1] INFO:Plotting -- RooAbsPdf::plotOn(model) only plotting range 'fit_nll_model_reducedDS'
[#1] INFO:Plotting -- RooAbsPdf::plotOn(model) p.d.f. curve is normalized using explicit choice of ranges 'fit_nll_model_reducedDS'
[#0] WARNING:Plotting -- At observable [x]=10.2667 RooChebychev::cPol1Bkg[ x=mass coefList=(ch4_k1,ch4_k2) ]
